-1.730957254767417908e-02 8.037121593952178955e-02 -3.936973959207534790e-02 -8.639036677777767181e-03 1.058714613318443298e-01 -1.629104465246200562e-02 5.344708263874053955e-02 3.158088400959968567e-02 8.518867939710617065e-02 1.032669842243194580e-02 2.079006843268871307e-02 -4.363960772752761841e-02 1.302168071269989014e-01 8.656655251979827881e-02 2.648829668760299683e-02 9.485812485218048096e-02 1.660212315618991852e-02 3.736118972301483154e-02 8.242033421993255615e-03 1.094755157828330994e-01 -2.188182622194290161e-02 7.179106026887893677e-02
-1.341095939278602600e-02 8.082303404808044434e-02 -3.830415010452270508e-02 -1.180326659232378006e-02 1.041680946946144104e-01 -1.557909324765205383e-02 5.541415512561798096e-02 3.148187696933746338e-02 8.527466654777526855e-02 1.150375232100486755e-02 2.311796508729457855e-02 -4.094703868031501770e-02 1.305007040500640869e-01 8.849950134754180908e-02 2.565885335206985474e-02 9.290318936109542847e-02 1.427016593515872955e-02 3.709567338228225708e-02 7.645532488822937012e-03 1.072668656706809998e-01 -2.301145344972610474e-02 7.118022441864013672e-02
-1.633033156394958496e-02 7.902644574642181396e-02 -3.790893405675888062e-02 -1.053901016712188721e-02 1.036014556884765625e-01 -1.643019728362560272e-02 5.473728477954864502e-02 3.158553689718246460e-02 8.469180017709732056e-02 6.558794528245925903e-03 2.181825414299964905e-02 -4.529019817709922791e-02 1.280607134103775024e-01 8.542797714471817017e-02 2.696665376424789429e-02 9.178151190280914307e-02 1.477404497563838959e-02 3.923036903142929077e-02 6.763644516468048096e-03 1.072864308953285217e-01 -2.130437642335891724e-02 7.540857791900634766e-02
-1.413555070757865906e-02 8.117133378982543945e-02 -4.071465134620666504e-02 -8.312551304697990417e-03 1.060058176517486572e-01 -1.688898354768753052e-02 5.190089344978332520e-02 3.143840283155441284e-02 8.300805836915969849e-02 1.003177464008331299e-02 2.190536819398403168e-02 -4.334323108196258545e-02 1.300753206014633179e-01 8.753386884927749634e-02 2.624632045626640320e-02 9.260725229978561401e-02 1.503715850412845612e-02 3.957526385784149170e-02 7.080785930156707764e-03 1.077761650085449219e-01 -1.991922035813331604e-02 7.229602336883544922e-02
-1.729966886341571808e-02 7.836051285266876221e-02 -4.160340130329132080e-02 -9.550780989229679108e-03 1.052639186382293701e-01 -1.582301594316959381e-02 5.084477737545967102e-02 3.115146979689598083e-02 8.287934213876724243e-02 9.696181863546371460e-03 2.125767432153224945e-02 -4.304708167910575867e-02 1.305312961339950562e-01 8.622840791940689087e-02 2.495688945055007935e-02 9.376141428947448730e-02 1.463227719068527222e-02 3.718641400337219238e-02 8.128315210342407227e-03 1.093722879886627197e-01 -2.193178981542587280e-02 7.046040147542953491e-02
-1.573618873953819275e-02 8.090613037347793579e-02 -3.866675868630409241e-02 -1.324557419866323471e-02 1.029681563377380371e-01 -1.544244587421417236e-02 5.112838745117187500e-02 3.188979625701904297e-02 8.094996213912963867e-02 9.022615849971771240e-03 2.215088903903961182e-02 -4.140035063028335571e-02 1.278642117977142334e-01 8.548797667026519775e-02 2.437829226255416870e-02 9.419475495815277100e-02 1.592370308935642242e-02 3.702033311128616333e-02 7.261954247951507568e-03 1.087080389261245728e-01 -2.351680397987365723e-02 7.405733317136764526e-02
-1.703334040939807892e-02 7.819811254739761353e-02 -3.866257518529891968e-02 -9.293613024055957794e-03 1.039641648530960083e-01 -1.767242141067981720e-02 5.184918642044067383e-02 3.186871483922004700e-02 8.364035934209823608e-02 8.983932435512542725e-03 2.087706699967384338e-02 -4.479373246431350708e-02 1.303277909755706787e-01 8.561696112155914307e-02 2.460505068302154541e-02 9.308665990829467773e-02 1.641044951975345612e-02 3.747905045747756958e-02 6.993800401687622070e-03 1.098311692476272583e-01 -2.408785000443458557e-02 7.282311469316482544e-02
-1.566749252378940582e-02 8.043019473552703857e-02 -3.921663016080856323e-02 -1.195522025227546692e-02 1.021278426051139832e-01 -1.914782449603080750e-02 5.213262885808944702e-02 3.123134747147560120e-02 8.179296553134918213e-02 5.361519753932952881e-03 2.192777767777442932e-02 -4.259628057479858398e-02 1.275986582040786743e-01 8.775266259908676147e-02 2.479698508977890015e-02 9.091187268495559692e-02 1.655110530555248260e-02 3.573641180992126465e-02 3.697752952575683594e-03 1.083245873451232910e-01 -2.395950257778167725e-02 7.408989220857620239e-02
-1.856780052185058594e-02 8.160914480686187744e-02 -3.753802180290222168e-02 -9.107518941164016724e-03 1.055954396724700928e-01 -1.437134854495525360e-02 5.376327782869338989e-02 3.226563334465026855e-02 8.446258306503295898e-02 7.216736674308776855e-03 2.109457552433013916e-02 -4.302641749382019043e-02 1.281590908765792847e-01 8.646217733621597290e-02 2.493533119559288025e-02 9.409534931182861328e-02 1.567198894917964935e-02 3.757862746715545654e-02 6.619390100240707397e-03 1.087873727083206177e-01 -2.169292792677879333e-02 7.396607846021652222e-02
-1.463477779179811478e-02 7.874904572963714600e-02 -4.037146642804145813e-02 -9.501938708126544952e-03 1.041554883122444153e-01 -1.849418319761753082e-02 5.258937925100326538e-02 3.275064751505851746e-02 8.303526043891906738e-02 7.606767117977142334e-03 2.327158860862255096e-02 -4.343088343739509583e-02 1.293105036020278931e-01 8.688948303461074829e-02 2.638083696365356445e-02 9.070842713117599487e-02 1.378157734870910645e-02 3.610993921756744385e-02 5.446024239063262939e-03 1.069887876510620117e-01 -2.248450368642807007e-02 7.339614629745483398e-02
-1.652780734002590179e-02 8.074956387281417847e-02 -3.987804427742958069e-02 -9.668676182627677917e-03 1.041847914457321167e-01 -1.547453738749027252e-02 5.360558629035949707e-02 3.223089501261711121e-02 8.270265161991119385e-02 1.016473770141601562e-02 2.251219190657138824e-02 -4.332957416772842407e-02 1.311889737844467163e-01 8.801311254501342773e-02 2.531054988503456116e-02 9.279217571020126343e-02 1.562957651913166046e-02 3.809169307351112366e-02 7.673911750316619873e-03 1.078932806849479675e-01 -2.157978713512420654e-02 7.345137745141983032e-02
-1.810064911842346191e-02 7.969592511653900146e-02 -3.849733620882034302e-02 -9.332659654319286346e-03 1.055276468396186829e-01 -1.464423723518848419e-02 5.398537963628768921e-02 3.173977509140968323e-02 8.450172841548919678e-02 9.517513215541839600e-03 2.125884033739566803e-02 -4.266007244586944580e-02 1.288089156150817871e-01 8.689413219690322876e-02 2.559098601341247559e-02 9.444786608219146729e-02 1.393060199916362762e-02 4.068113863468170166e-02 7.928833365440368652e-03 1.088148802518844604e-01 -2.093970030546188354e-02 7.131852954626083374e-02
-1.627545803785324097e-02 8.090467005968093872e-02 -3.876492381095886230e-02 -7.800474762916564941e-03 1.044805496931076050e-01 -1.579255796968936920e-02 5.276134610176086426e-02 2.952167764306068420e-02 8.409065753221511841e-02 1.032218337059020996e-02 2.127269841730594635e-02 -4.252798110246658325e-02 1.285851895809173584e-01 8.799895644187927246e-02 2.657207101583480835e-02 9.515737742185592651e-02 1.740689389407634735e-02 3.943567723035812378e-02 8.429333567619323730e-03 1.089818328619003296e-01 -2.139700949192047119e-02 7.219672948122024536e-02
-1.547213830053806305e-02 8.125096559524536133e-02 -3.837658464908599854e-02 -1.159019209444522858e-02 1.023310124874114990e-01 -1.423290371894836426e-02 5.367937684059143066e-02 3.127946704626083374e-02 8.198390156030654907e-02 6.986301392316818237e-03 2.135802619159221649e-02 -4.110112786293029785e-02 1.289130747318267822e-01 8.711843192577362061e-02 2.662616595625877380e-02 9.353208541870117188e-02 1.415977813303470612e-02 3.798839449882507324e-02 6.758019328117370605e-03 1.083313152194023132e-01 -2.131447196006774902e-02 7.392654567956924438e-02
-1.560088619589805603e-02 8.153982460498809814e-02 -3.937682136893272400e-02 -1.092538051307201385e-02 1.020782887935638428e-01 -1.460869237780570984e-02 5.206914246082305908e-02 3.242135047912597656e-02 8.221769332885742188e-02 1.120141148567199707e-02 2.096882276237010956e-02 -4.184586927294731140e-02 1.306518912315368652e-01 8.643931150436401367e-02 2.400376647710800171e-02 9.433481097221374512e-02 1.585801504552364349e-02 3.791373968124389648e-02 7.409371435642242432e-03 1.057402640581130981e-01 -2.209264785051345825e-02 7.414942979812622070e-02
-1.472565345466136932e-02 8.145776391029357910e-02 -3.649533540010452271e-02 -1.080147083848714828e-02 1.043752804398536682e-01 -1.571249589323997498e-02 5.408144369721412659e-02 3.266094252467155457e-02 8.322754502296447754e-02 9.259209036827087402e-03 2.307584509253501892e-02 -4.406816139817237854e-02 1.290730983018875122e-01 8.605595678091049194e-02 2.626889571547508240e-02 9.447148442268371582e-02 1.734231226146221161e-02 3.674232214689254761e-02 5.519203841686248779e-03 1.088018119335174561e-01 -2.035971730947494507e-02 7.248906046152114868e-02
-1.377263478934764862e-02 8.233065903186798096e-02 -3.791949898004531860e-02 -1.040979009121656418e-02 1.032833307981491089e-01 -1.744597218930721283e-02 5.221639946103096008e-02 3.132000192999839783e-02 8.522203564643859863e-02 9.312096983194351196e-03 2.402693592011928558e-02 -4.349710047245025635e-02 1.294669508934020996e-01 8.664302527904510498e-02 2.747305855154991150e-02 9.151561558246612549e-02 1.531262136995792389e-02 3.737484663724899292e-02 5.868159234523773193e-03 1.090753376483917236e-01 -2.204333245754241943e-02 7.607004046440124512e-02
-1.530183292925357819e-02 8.041328191757202148e-02 -3.675822913646697998e-02 -1.256777346134185791e-02 1.041195988655090332e-01 -1.512654684484004974e-02 5.354996770620346069e-02 3.215537965297698975e-02 8.305633813142776489e-02 7.755301892757415771e-03 2.318859845399856567e-02 -4.357205331325531006e-02 1.284174174070358276e-01 8.692042529582977295e-02 2.523916959762573242e-02 9.367455542087554932e-02 1.529201306402683258e-02 3.819712996482849121e-02 6.653659045696258545e-03 1.085397377610206604e-01 -2.357799559831619263e-02 7.265411317348480225e-02
-1.662419363856315613e-02 8.012457937002182007e-02 -3.757061809301376343e-02 -9.462593123316764832e-03 1.040010973811149597e-01 -1.633331365883350372e-02 5.279027298092842102e-02 2.982655167579650879e-02 8.449063450098037720e-02 7.959891110658645630e-03 2.035083062946796417e-02 -4.370486736297607422e-02 1.279099434614181519e-01 8.770732581615447998e-02 2.615524083375930786e-02 9.371095150709152222e-02 1.711552776396274567e-02 3.905600309371948242e-02 8.664228022098541260e-03 1.094615608453750610e-01 -2.194020897150039673e-02 7.424784451723098755e-02
-1.496254280209541321e-02 7.982501387596130371e-02 -3.971329331398010254e-02 -9.264429099857807159e-03 1.035442203283309937e-01 -1.597082801163196564e-02 5.056394636631011963e-02 3.124272450804710388e-02 8.229676634073257446e-02 8.888941258192062378e-03 2.152395248413085938e-02 -4.253368079662322998e-02 1.294675469398498535e-01 8.693783730268478394e-02 2.513638511300086975e-02 9.323810040950775146e-02 1.519691757857799530e-02 3.759099543094635010e-02 6.564691662788391113e-03 1.090939939022064209e-01 -2.338261529803276062e-02 7.265072315931320190e-02
-1.517947576940059662e-02 8.117358386516571045e-02 -3.711371123790740967e-02 -1.022017467767000198e-02 1.046981886029243469e-01 -1.497708261013031006e-02 5.328710004687309265e-02 3.318128362298011780e-02 8.289575576782226562e-02 9.575616568326950073e-03 2.404853887856006622e-02 -4.218859970569610596e-02 1.288354247808456421e-01 8.947075158357620239e-02 2.821305394172668457e-02 9.457873553037643433e-02 1.711083389818668365e-02 3.924105316400527954e-02 7.284604012966156006e-03 1.098802164196968079e-01 -2.184239402413368225e-02 7.224835455417633057e-02
-1.585238799452781677e-02 7.977914810180664062e-02 -3.835395723581314087e-02 -1.060273125767707825e-02 1.039661169052124023e-01 -1.496182009577751160e-02 5.316204577684402466e-02 3.217488527297973633e-02 8.400417119264602661e-02 8.378989994525909424e-03 2.496130950748920441e-02 -4.404233768582344055e-02 1.283787041902542114e-01 8.695020526647567749e-02 2.575901150703430176e-02 9.240834414958953857e-02 1.360987313091754913e-02 3.664594888687133789e-02 5.410596728324890137e-03 1.088738441467285156e-01 -2.365945279598236084e-02 7.197377085685729980e-02
-1.230449229478836060e-02 8.039455860853195190e-02 -3.811249509453773499e-02 -1.119113992899656296e-02 1.019942760467529297e-01 -1.515349186956882477e-02 5.326870083808898926e-02 3.155286237597465515e-02 8.255491405725479126e-02 1.187570765614509583e-02 2.322806790471076965e-02 -4.118375852704048157e-02 1.287566125392913818e-01 8.485774695873260498e-02 2.720273658633232117e-02 9.152360260486602783e-02 1.639824546873569489e-02 3.639897704124450684e-02 5.845628678798675537e-03 1.079740077257156372e-01 -2.242019772529602051e-02 7.314737886190414429e-02
-1.485252566635608673e-02 8.111725747585296631e-02 -3.679785132408142090e-02 -8.496678434312343597e-03 1.063986271619796753e-01 -1.602034270763397217e-02 5.387271940708160400e-02 3.139294311404228210e-02 8.614058792591094971e-02 1.091064885258674622e-02 1.976452581584453583e-02 -4.289582371711730957e-02 1.307967454195022583e-01 8.736746758222579956e-02 2.490855753421783447e-02 9.475095570087432861e-02 1.588196866214275360e-02 3.877656161785125732e-02 9.009346365928649902e-03 1.080767139792442322e-01 -2.327778935432434082e-02 7.210102677345275879e-02
-1.612877845764160156e-02 7.939986884593963623e-02 -4.038260132074356079e-02 -1.045412104576826096e-02 1.040454357862472534e-01 -1.715214550495147705e-02 4.974628239870071411e-02 3.304966539144515991e-02 8.240783959627151489e-02 1.029060035943984985e-02 2.225008979439735413e-02 -4.167725145816802979e-02 1.293743550777435303e-01 8.413133025169372559e-02 2.538146078586578369e-02 9.306443482637405396e-02 1.648254878818988800e-02 3.752370923757553101e-02 7.895596325397491455e-03 1.073737889528274536e-01 -2.307302504777908325e-02 7.478853315114974976e-02
-1.506672706454992294e-02 8.115501701831817627e-02 -3.789688646793365479e-02 -1.115378364920616150e-02 1.037169024348258972e-01 -1.809549890458583832e-02 5.345387756824493408e-02 3.270376473665237427e-02 8.223541826009750366e-02 8.884858340024948120e-03 2.198158018290996552e-02 -4.314721003174781799e-02 1.309266537427902222e-01 8.608932048082351685e-02 2.530928701162338257e-02 9.335882961750030518e-02 1.582810096442699432e-02 3.874338418245315552e-02 7.091987878084182739e-03 1.083123832941055298e-01 -2.288863807916641235e-02 7.375814765691757202e-02
-1.585775054991245270e-02 8.061373978853225708e-02 -3.821466490626335144e-02 -9.788101539015769958e-03 1.041843071579933167e-01 -1.659206487238407135e-02 5.307554453611373901e-02 3.093910962343215942e-02 8.451671898365020752e-02 9.870696812868118286e-03 2.342904545366764069e-02 -4.318775609135627747e-02 1.301711052656173706e-01 8.554752171039581299e-02 2.437344938516616821e-02 9.370964765548706055e-02 1.428073085844516754e-02 3.901037573814392090e-02 6.534952670335769653e-03 1.082172170281410217e-01 -1.930410414934158325e-02 7.313544303178787231e-02
-1.520609389990568161e-02 7.972343266010284424e-02 -3.818209841847419739e-02 -1.023195404559373856e-02 1.051204130053520203e-01 -1.749213039875030518e-02 5.284717679023742676e-02 3.114898130297660828e-02 8.472392708063125610e-02 8.384943008422851562e-03 2.305241301655769348e-02 -4.429367184638977051e-02 1.288058161735534668e-01 8.734872937202453613e-02 2.389999106526374817e-02 9.230731427669525146e-02 1.435643061995506287e-02 3.897874057292938232e-02 6.645947694778442383e-03 1.076059043407440186e-01 -2.328125387430191040e-02 7.366644591093063354e-02
-1.629130728542804718e-02 7.819720357656478882e-02 -3.880165144801139832e-02 -9.342852048575878143e-03 1.056586951017379761e-01 -1.622524484992027283e-02 5.053974688053131104e-02 3.133612126111984253e-02 8.413539826869964600e-02 7.778041064739227295e-03 2.255515567958354950e-02 -4.431694000959396362e-02 1.288635879755020142e-01 8.552026003599166870e-02 2.732149884104728699e-02 9.364712238311767578e-02 1.568915508687496185e-02 3.895037621259689331e-02 7.886193692684173584e-03 1.093982383608818054e-01 -2.238889411091804504e-02 7.469961047172546387e-02
-1.652747578918933868e-02 7.994571328163146973e-02 -3.902963176369667053e-02 -1.004723086953163147e-02 1.043265983462333679e-01 -1.899514161050319672e-02 5.216446518898010254e-02 3.065521828830242157e-02 8.360292017459869385e-02 6.876476109027862549e-03 2.254240587353706360e-02 -4.489268362522125244e-02 1.278812736272811890e-01 8.667364716529846191e-02 2.640573680400848389e-02 9.222935885190963745e-02 1.660198532044887543e-02 4.045202583074569702e-02 6.305731832981109619e-03 1.078654080629348755e-01 -2.290569618344306946e-02 7.218940556049346924e-02
-1.673254556953907013e-02 8.039288222789764404e-02 -3.871899843215942383e-02 -1.229315809905529022e-02 1.019958034157752991e-01 -1.712379418313503265e-02 5.369739234447479248e-02 3.116656467318534851e-02 8.355111628770828247e-02 7.924858480691909790e-03 2.245142497122287750e-02 -4.176045954227447510e-02 1.306590139865875244e-01 8.807732909917831421e-02 2.544436603784561157e-02 9.283185005187988281e-02 1.764132268726825714e-02 3.695206716656684875e-02 6.845623254776000977e-03 1.088533177971839905e-01 -2.225720882415771484e-02 7.316377013921737671e-02
-1.403849199414253235e-02 7.894493639469146729e-02 -3.910175710916519165e-02 -1.012158393859863281e-02 1.052632033824920654e-01 -1.760262995958328247e-02 5.233415588736534119e-02 3.109802678227424622e-02 8.340882509946823120e-02 9.226392954587936401e-03 2.151236124336719513e-02 -4.315380007028579712e-02 1.287408471107482910e-01 8.472342789173126221e-02 2.674447745084762573e-02 9.349524974822998047e-02 1.530271954834461212e-02 3.557088226079940796e-02 5.335740745067596436e-03 1.080519258975982666e-01 -2.014684677124023438e-02 7.371480762958526611e-02
-1.554376445710659027e-02 8.188886940479278564e-02 -3.767774254083633423e-02 -1.013273652642965317e-02 1.054367572069168091e-01 -1.570590399205684662e-02 5.322962254285812378e-02 3.139874711632728577e-02 8.272846043109893799e-02 1.096263155341148376e-02 2.365202456712722778e-02 -4.213679209351539612e-02 1.301321387290954590e-01 8.797605335712432861e-02 2.475048229098320007e-02 9.398022294044494629e-02 1.596132107079029083e-02 4.023163765668869019e-02 8.765913546085357666e-03 1.087227612733840942e-01 -2.152258902788162231e-02 7.153797894716262817e-02
-1.669411547482013702e-02 8.033923804759979248e-02 -3.894087672233581543e-02 -1.095961872488260269e-02 1.033547520637512207e-01 -1.650289073586463928e-02 5.281525105237960815e-02 3.071550838649272919e-02 8.501826226711273193e-02 7.954709231853485107e-03 2.345821633934974670e-02 -4.202614724636077881e-02 1.264987289905548096e-01 8.618418872356414795e-02 2.599424868822097778e-02 9.213761240243911743e-02 1.532562635838985443e-02 3.691542148590087891e-02 5.205433815717697144e-03 1.092885136604309082e-01 -2.271460741758346558e-02 7.411222159862518311e-02
-1.701552979648113251e-02 8.051658421754837036e-02 -4.047679901123046875e-02 -1.211841125041246414e-02 1.049407422542572021e-01 -1.708007045090198517e-02 5.316555500030517578e-02 3.316209837794303894e-02 8.234749734401702881e-02 7.029809057712554932e-03 2.360546030104160309e-02 -4.348259791731834412e-02 1.263147443532943726e-01 8.684258162975311279e-02 2.512653917074203491e-02 9.205022454261779785e-02 1.397322118282318115e-02 3.648516908288002014e-02 4.918877035379409790e-03 1.071482077240943909e-01 -2.249898016452789307e-02 7.355788350105285645e-02
-1.593562215566635132e-02 8.091577887535095215e-02 -3.822849318385124207e-02 -1.200514752417802811e-02 1.023114398121833801e-01 -1.685898378491401672e-02 5.285315215587615967e-02 3.109917417168617249e-02 8.332376927137374878e-02 8.865445852279663086e-03 2.290839515626430511e-02 -4.245489835739135742e-02 1.286592930555343628e-01 8.599957823753356934e-02 2.572687342762947083e-02 9.332952648401260376e-02 1.685544662177562714e-02 4.010859131813049316e-02 7.206186652183532715e-03 1.090323328971862793e-01 -2.292655035853385925e-02 7.373353093862533569e-02
-1.366247981786727905e-02 7.875514030456542969e-02 -4.070547223091125488e-02 -1.016874425113201141e-02 1.039068102836608887e-01 -1.760224997997283936e-02 5.102040618658065796e-02 3.176312521100044250e-02 8.402925729751586914e-02 1.010817661881446838e-02 2.412745170295238495e-02 -4.301926493644714355e-02 1.286916583776473999e-01 8.627402782440185547e-02 2.607464790344238281e-02 9.209285676479339600e-02 1.631068624556064606e-02 3.684676066040992737e-02 7.625356316566467285e-03 1.073819622397422791e-01 -2.070260047912597656e-02 7.555662095546722412e-02
-1.667874678969383240e-02 8.206172287464141846e-02 -3.848529979586601257e-02 -9.815515018999576569e-03 1.060647666454315186e-01 -1.631324924528598785e-02 5.329653248190879822e-02 3.368423134088516235e-02 8.273373544216156006e-02 9.323600679636001587e-03 2.070130035281181335e-02 -4.249701648950576782e-02 1.298611611127853394e-01 8.730412274599075317e-02 2.577888965606689453e-02 9.601865708827972412e-02 1.478537358343601227e-02 3.987444937229156494e-02 7.089357823133468628e-03 1.098568886518478394e-01 -2.190524339675903320e-02 7.182929664850234985e-02
-1.716800034046173096e-02 7.963063567876815796e-02 -3.852740675210952759e-02 -1.016017608344554901e-02 1.028404757380485535e-01 -1.549287140369415283e-02 5.340405553579330444e-02 3.383322432637214661e-02 8.378297835588455200e-02 7.368262857198715210e-03 2.122984081506729126e-02 -4.455961287021636963e-02 1.296491324901580811e-01 8.602407574653625488e-02 2.664190903306007385e-02 9.140586853027343750e-02 1.267282851040363312e-02 3.543368726968765259e-02 3.729030489921569824e-03 1.086497306823730469e-01 -2.331326901912689209e-02 7.289645075798034668e-02
-1.547698955982923508e-02 8.064535260200500488e-02 -3.905865550041198730e-02 -8.787468075752258301e-03 1.053991690278053284e-01 -1.631210185587406158e-02 5.228175222873687744e-02 3.014124929904937744e-02 8.366233110427856445e-02 9.310640394687652588e-03 2.211404778063297272e-02 -4.344153404235839844e-02 1.279015243053436279e-01 8.687558770179748535e-02 2.761106565594673157e-02 9.602268040180206299e-02 1.844957657158374786e-02 3.988239169120788574e-02 8.720438927412033081e-03 1.101226359605789185e-01 -1.966545730829238892e-02 7.438597083091735840e-02
-1.296371035277843475e-02 7.913377881050109863e-02 -3.924091160297393799e-02 -1.030559651553630829e-02 1.038370728492736816e-01 -1.615821197628974915e-02 5.323436856269836426e-02 3.036758303642272949e-02 8.263661712408065796e-02 8.551180362701416016e-03 2.144473418593406677e-02 -4.422234743833541870e-02 1.300156414508819580e-01 8.817696571350097656e-02 2.650876343250274658e-02 9.125905483961105347e-02 1.471910253167152405e-02 3.743950277566909790e-02 8.197464048862457275e-03 1.090228930115699768e-01 -2.101898193359375000e-02 7.224299013614654541e-02
-1.482903864234685898e-02 8.049632608890533447e-02 -3.720141947269439697e-02 -1.098367292433977127e-02 1.038248091936111450e-01 -1.666879095137119293e-02 5.597402527928352356e-02 3.190301358699798584e-02 8.401841670274734497e-02 8.996635675430297852e-03 2.349188923835754395e-02 -4.094060510396957397e-02 1.294650286436080933e-01 8.699323982000350952e-02 2.619725838303565979e-02 9.046778082847595215e-02 1.316303573548793793e-02 3.732671588659286499e-02 7.103446871042251587e-03 1.094066798686981201e-01 -2.223723009228706360e-02 7.299385219812393188e-02
-1.260370761156082153e-02 7.988846302032470703e-02 -3.776313364505767822e-02 -1.040415838360786438e-02 1.030340269207954407e-01 -1.630562730133533478e-02 5.435529723763465881e-02 3.020410053431987762e-02 8.258309215307235718e-02 8.807133883237838745e-03 2.209115587174892426e-02 -4.247339069843292236e-02 1.297302991151809692e-01 8.811458200216293335e-02 2.643286064267158508e-02 9.006187319755554199e-02 1.573917455971240997e-02 3.565481305122375488e-02 5.656771361827850342e-03 1.076179519295692444e-01 -2.317306771874427795e-02 7.324058562517166138e-02
-1.351179182529449463e-02 8.277080953121185303e-02 -4.083058238029479980e-02 -1.033855881541967392e-02 1.037047281861305237e-01 -1.855385117232799530e-02 5.113322660326957703e-02 3.198932483792304993e-02 8.109973371028900146e-02 1.008320972323417664e-02 2.329067327082157135e-02 -4.274855554103851318e-02 1.289575099945068359e-01 8.870283514261245728e-02 2.425561100244522095e-02 9.102961421012878418e-02 1.494221203029155731e-02 3.626237064599990845e-02 5.775019526481628418e-03 1.069957017898559570e-01 -2.224056422710418701e-02 7.367490231990814209e-02
-1.449566055089235306e-02 8.114707469940185547e-02 -3.988666087388992310e-02 -8.470462635159492493e-03 1.029163748025894165e-01 -1.757403463125228882e-02 5.137713253498077393e-02 3.047475777566432953e-02 8.520476520061492920e-02 9.270828217267990112e-03 2.356683090329170227e-02 -4.452788084745407104e-02 1.302351206541061401e-01 8.675079792737960815e-02 2.697549760341644287e-02 9.108377993106842041e-02 1.528651826083660126e-02 3.933767229318618774e-02 6.057925522327423096e-03 1.087301522493362427e-01 -2.363696694374084473e-02 7.598751783370971680e-02
-1.436033193022012711e-02 8.112931996583938599e-02 -4.034484550356864929e-02 -9.848210960626602173e-03 1.046999022364616394e-01 -1.466867886483669281e-02 5.323098599910736084e-02 3.129542246460914612e-02 8.271399140357971191e-02 8.823469281196594238e-03 2.206574939191341400e-02 -4.374401271343231201e-02 1.263558566570281982e-01 8.849590271711349487e-02 2.669010311365127563e-02 9.260474890470504761e-02 1.600782759487628937e-02 3.725516051054000854e-02 5.815602838993072510e-03 1.069736853241920471e-01 -1.885996013879776001e-02 7.448657602071762085e-02
-1.341249886900186539e-02 7.950352132320404053e-02 -3.857241943478584290e-02 -1.001645717769861221e-02 1.019640117883682251e-01 -1.825813204050064087e-02 5.505907163023948669e-02 2.982791885733604431e-02 8.487456291913986206e-02 1.015267148613929749e-02 2.220053598284721375e-02 -4.239603132009506226e-02 1.291835308074951172e-01 8.764778077602386475e-02 2.658228576183319092e-02 9.032084047794342041e-02 1.577268727123737335e-02 3.667143732309341431e-02 7.946092635393142700e-03 1.062085330486297607e-01 -2.295197546482086182e-02 7.305680960416793823e-02
-1.594116538763046265e-02 8.125932514667510986e-02 -3.823341429233551025e-02 -1.318973395973443985e-02 1.052407249808311462e-01 -1.728930510580539703e-02 5.204927176237106323e-02 2.997716888785362244e-02 8.280330896377563477e-02 7.279161363840103149e-03 2.151106111705303192e-02 -4.368460550904273987e-02 1.287921667098999023e-01 8.650724589824676514e-02 2.280721068382263184e-02 9.145247936248779297e-02 1.576727442443370819e-02 3.696511685848236084e-02 5.536466836929321289e-03 1.076113358139991760e-01 -2.574889361858367920e-02 7.463118433952331543e-02
-1.250683050602674484e-02 7.765720039606094360e-02 -3.579815849661827087e-02 -9.741947054862976074e-03 1.047265604138374329e-01 -1.660629920661449432e-02 5.269846320152282715e-02 2.985511161386966705e-02 8.512000739574432373e-02 1.081148535013198853e-02 2.185286954045295715e-02 -4.409791529178619385e-02 1.297427266836166382e-01 8.467526733875274658e-02 2.744803950190544128e-02 9.413936734199523926e-02 1.767476089298725128e-02 3.974197059869766235e-02 8.850537240505218506e-03 1.074330955743789673e-01 -2.126019448041915894e-02 7.586813718080520630e-02
-1.492970902472734451e-02 8.012819290161132812e-02 -4.094910621643066406e-02 -8.720942772924900055e-03 1.040040403604507446e-01 -1.925621554255485535e-02 4.872544109821319580e-02 3.159751743078231812e-02 8.237681537866592407e-02 1.029510051012039185e-02 2.088343910872936249e-02 -4.259824380278587341e-02 1.283649653196334839e-01 8.730075508356094360e-02 2.353579923510551453e-02 9.468045085668563843e-02 1.655906625092029572e-02 3.885979950428009033e-02 6.441786885261535645e-03 1.059706956148147583e-01 -2.229887247085571289e-02 7.437551021575927734e-02
-1.618908345699310303e-02 8.087043464183807373e-02 -3.861956298351287842e-02 -1.144894026219844818e-02 1.053479537367820740e-01 -1.365980133414268494e-02 5.390519648790359497e-02 3.074556961655616760e-02 8.305142074823379517e-02 9.394779801368713379e-03 2.319060079753398895e-02 -4.199542105197906494e-02 1.280537545680999756e-01 8.515737950801849365e-02 2.625691890716552734e-02 9.328341484069824219e-02 1.528286375105381012e-02 3.616551309823989868e-02 6.065495312213897705e-03 1.091176345944404602e-01 -2.063654363155364990e-02 7.273001968860626221e-02
-1.406935043632984161e-02 8.109526336193084717e-02 -3.891748934984207153e-02 -1.087200827896595001e-02 1.045636311173439026e-01 -1.621326059103012085e-02 5.372833460569381714e-02 3.119867295026779175e-02 8.358206599950790405e-02 1.090446114540100098e-02 2.201671712100505829e-02 -4.186362773180007935e-02 1.304034888744354248e-01 8.589425683021545410e-02 2.535275742411613464e-02 9.125883132219314575e-02 1.560581661760807037e-02 3.714679926633834839e-02 6.560590118169784546e-03 1.077905967831611633e-01 -2.418304234743118286e-02 7.211067527532577515e-02
-1.568496972322463989e-02 8.075970411300659180e-02 -3.975270688533782959e-02 -1.091550011187791824e-02 1.026919111609458923e-01 -1.546864397823810577e-02 5.218328535556793213e-02 3.207820653915405273e-02 8.130382746458053589e-02 8.149962872266769409e-03 2.180619165301322937e-02 -4.317018762230873108e-02 1.282005757093429565e-01 8.568032085895538330e-02 2.545546740293502808e-02 9.232272952795028687e-02 1.429670862853527069e-02 3.719013929367065430e-02 5.761057138442993164e-03 1.066808551549911499e-01 -2.164264768362045288e-02 7.373134046792984009e-02
-1.550660096108913422e-02 7.987648248672485352e-02 -3.950960934162139893e-02 -1.072633359581232071e-02 1.018748134374618530e-01 -1.623101159930229187e-02 5.163796991109848022e-02 3.150776028633117676e-02 8.193564414978027344e-02 8.712168782949447632e-03 2.218420803546905518e-02 -4.182117059826850891e-02 1.293492913246154785e-01 8.783648908138275146e-02 2.576437219977378845e-02 9.217075258493423462e-02 1.488406397402286530e-02 3.996126353740692139e-02 8.141905069351196289e-03 1.078492254018783569e-01 -2.045691758394241333e-02 7.425731420516967773e-02
-1.614392362534999847e-02 7.933256775140762329e-02 -3.776136785745620728e-02 -1.132479961961507797e-02 1.010183617472648621e-01 -1.535826921463012695e-02 5.340860038995742798e-02 3.359270095825195312e-02 8.391442894935607910e-02 8.864510804414749146e-03 2.213128842413425446e-02 -4.226559028029441833e-02 1.326275169849395752e-01 8.675344288349151611e-02 2.558860555291175842e-02 9.139715135097503662e-02 1.659240759909152985e-02 3.651262819766998291e-02 7.196515798568725586e-03 1.094160974025726318e-01 -2.317104861140251160e-02 7.280002534389495850e-02
-1.406313665211200714e-02 8.062803745269775391e-02 -3.890829533338546753e-02 -9.667188860476016998e-03 1.032230854034423828e-01 -1.527114026248455048e-02 5.398686975240707397e-02 3.143873810768127441e-02 8.409314602613449097e-02 1.063618436455726624e-02 2.313954755663871765e-02 -4.270219802856445312e-02 1.304983347654342651e-01 8.769369125366210938e-02 2.633412554860115051e-02 9.255649149417877197e-02 1.554974354803562164e-02 3.888078778982162476e-02 7.272824645042419434e-03 1.073588728904724121e-01 -2.132604643702507019e-02 7.422687858343124390e-02
-1.614455692470073700e-02 7.963716983795166016e-02 -3.829314559698104858e-02 -7.333767600357532501e-03 1.045696213841438293e-01 -1.613298431038856506e-02 5.312237143516540527e-02 3.207593038678169250e-02 8.597513288259506226e-02 8.960798382759094238e-03 2.208931930363178253e-02 -4.430016130208969116e-02 1.298949420452117920e-01 8.891364187002182007e-02 2.581175416707992554e-02 9.235909581184387207e-02 1.364691928029060364e-02 3.843413293361663818e-02 6.334714591503143311e-03 1.087305992841720581e-01 -2.166651934385299683e-02 7.330149412155151367e-02
-1.650027930736541748e-02 8.144718408584594727e-02 -3.900392726063728333e-02 -1.035809423774480820e-02 1.046356782317161560e-01 -1.644983328878879547e-02 5.263365432620048523e-02 3.065270557999610901e-02 8.270129561424255371e-02 8.635133504867553711e-03 2.137786149978637695e-02 -4.408415406942367554e-02 1.279377192258834839e-01 8.709826320409774780e-02 2.490941062569618225e-02 9.176383167505264282e-02 1.512566395103931427e-02 3.851695358753204346e-02 5.528733134269714355e-03 1.090078055858612061e-01 -2.203988283872604370e-02 7.304870337247848511e-02
-1.518225017935037613e-02 8.084368705749511719e-02 -3.962577134370803833e-02 -9.899428114295005798e-03 1.052894368767738342e-01 -1.575761474668979645e-02 5.449948459863662720e-02 3.308252245187759399e-02 8.178732544183731079e-02 8.100226521492004395e-03 2.478416822850704193e-02 -4.358041286468505859e-02 1.300561726093292236e-01 8.820026367902755737e-02 2.624886855483055115e-02 9.271089732646942139e-02 1.496965996921062469e-02 3.797613084316253662e-02 4.397913813591003418e-03 1.078189164400100708e-01 -2.207809686660766602e-02 7.376608997583389282e-02
-1.602989248931407928e-02 7.818061858415603638e-02 -3.785908967256546021e-02 -9.850588627159595490e-03 1.046214923262596130e-01 -1.624996401369571686e-02 5.362553149461746216e-02 3.056249208748340607e-02 8.342306315898895264e-02 9.696841239929199219e-03 2.099927887320518494e-02 -4.095382243394851685e-02 1.281562149524688721e-01 8.472228050231933594e-02 2.587783709168434143e-02 9.185592830181121826e-02 1.552968658506870270e-02 3.684987127780914307e-02 7.327668368816375732e-03 1.073029041290283203e-01 -2.215147390961647034e-02 7.363572716712951660e-02
-1.404484640806913376e-02 7.821840047836303711e-02 -3.801709413528442383e-02 -7.797519676387310028e-03 1.026561558246612549e-01 -1.762096770107746124e-02 5.332651734352111816e-02 3.122554533183574677e-02 8.343966305255889893e-02 7.706835865974426270e-03 2.113796025514602661e-02 -4.355309903621673584e-02 1.297996044158935547e-01 8.947245031595230103e-02 2.829767763614654541e-02 9.003947675228118896e-02 1.535215415060520172e-02 3.783040493726730347e-02 7.024485617876052856e-03 1.061998754739761353e-01 -2.246504649519920349e-02 7.444570213556289673e-02
-1.439961511641740799e-02 7.992982864379882812e-02 -3.999873250722885132e-02 -1.012512110173702240e-02 1.040135398507118225e-01 -1.824766397476196289e-02 5.119021236896514893e-02 3.053626976907253265e-02 8.163473755121231079e-02 1.070417463779449463e-02 2.322346158325672150e-02 -4.336597770452499390e-02 1.291514039039611816e-01 8.662970364093780518e-02 2.629342302680015564e-02 9.487387537956237793e-02 1.720507256686687469e-02 3.801376372575759888e-02 6.693545728921890259e-03 1.083750277757644653e-01 -2.141770720481872559e-02 7.447711378335952759e-02
-1.374851632863283157e-02 7.923787832260131836e-02 -3.827269375324249268e-02 -7.399728521704673767e-03 1.040978580713272095e-01 -1.833144389092922211e-02 5.256632342934608459e-02 3.099516592919826508e-02 8.448123186826705933e-02 1.001797989010810852e-02 2.313314378261566162e-02 -4.439419880509376526e-02 1.285610795021057129e-01 8.726186305284500122e-02 2.789959684014320374e-02 9.215898811817169189e-02 1.734192855656147003e-02 3.849748149514198303e-02 7.770076394081115723e-03 1.074192076921463013e-01 -2.018267288804054260e-02 7.567782700061798096e-02
-1.507365982979536057e-02 8.085972070693969727e-02 -3.941821679472923279e-02 -1.338564790785312653e-02 1.043225526809692383e-01 -1.546924747526645660e-02 5.181071162223815918e-02 3.193218261003494263e-02 8.286463469266891479e-02 8.305337280035018921e-03 2.275193668901920319e-02 -4.444478452205657959e-02 1.273720562458038330e-01 8.641597628593444824e-02 2.481381595134735107e-02 9.383105486631393433e-02 1.650406606495380402e-02 3.696435689926147461e-02 6.141968071460723877e-03 1.077737584710121155e-01 -2.345611155033111572e-02 7.307858765125274658e-02
