1.775056570768356323e-01 3.285720199346542358e-02 -8.456395938992500305e-03 1.185887753963470459e-01 6.564596295356750488e-02 2.713465094566345215e-01 4.123622179031372070e-02 2.454530298709869385e-01 5.838005542755126953e-01 5.464932695031166077e-02 2.428088486194610596e-01 3.714287281036376953e-01 5.839664936065673828e-01 1.103863641619682312e-01 3.530131578445434570e-01 8.192310482263565063e-02 7.806109637022018433e-02 3.429201543331146240e-01 2.975620031356811523e-01 1.696455925703048706e-01
1.774656027555465698e-01 3.280396759510040283e-02 -8.428695611655712128e-03 1.185887977480888367e-01 6.568050384521484375e-02 2.711747884750366211e-01 4.122792929410934448e-02 2.454739511013031006e-01 5.834988951683044434e-01 5.464804172515869141e-02 2.429930567741394043e-01 3.714162111282348633e-01 5.840523838996887207e-01 1.103689894080162048e-01 3.529520630836486816e-01 8.193124830722808838e-02 7.811325788497924805e-02 3.428766429424285889e-01 2.975207567214965820e-01 1.696488559246063232e-01
1.773151159286499023e-01 3.373482823371887207e-02 -8.491318672895431519e-03 1.185745447874069214e-01 6.560020893812179565e-02 2.717419564723968506e-01 4.099822044372558594e-02 2.459930032491683960e-01 5.854232907295227051e-01 5.472547560930252075e-02 2.422341555356979370e-01 3.720944821834564209e-01 5.845170617103576660e-01 1.105670630931854248e-01 3.537431955337524414e-01 8.157569169998168945e-02 7.805520296096801758e-02 3.436767458915710449e-01 2.982754409313201904e-01 1.698309034109115601e-01
1.779244244098663330e-01 3.206633031368255615e-02 -8.302617818117141724e-03 1.187356561422348022e-01 6.583686172962188721e-02 2.714480757713317871e-01 4.158785939216613770e-02 2.451713532209396362e-01 5.822069644927978516e-01 5.457187443971633911e-02 2.432565987110137939e-01 3.704161643981933594e-01 5.828424096107482910e-01 1.103551015257835388e-01 3.522130548954010010e-01 8.209972828626632690e-02 7.825656235218048096e-02 3.419121503829956055e-01 2.966553568840026855e-01 1.696961969137191772e-01
1.774973273277282715e-01 3.282998502254486084e-02 -8.409324102103710175e-03 1.186213269829750061e-01 6.572582572698593140e-02 2.711198627948760986e-01 4.116073623299598694e-02 2.453994601964950562e-01 5.835283994674682617e-01 5.460475012660026550e-02 2.429585307836532593e-01 3.713793158531188965e-01 5.841945409774780273e-01 1.104217022657394409e-01 3.530436158180236816e-01 8.182685822248458862e-02 7.802663743495941162e-02 3.429832756519317627e-01 2.976566851139068604e-01 1.695827841758728027e-01
1.773429065942764282e-01 3.329188376665115356e-02 -8.701762184500694275e-03 1.185269802808761597e-01 6.559991836547851562e-02 2.720056176185607910e-01 4.122367501258850098e-02 2.458232641220092773e-01 5.852782130241394043e-01 5.475454777479171753e-02 2.421756684780120850e-01 3.718979656696319580e-01 5.838142633438110352e-01 1.104811728000640869e-01 3.532692193984985352e-01 8.197899162769317627e-02 7.820393145084381104e-02 3.432021141052246094e-01 2.978304922580718994e-01 1.698760539293289185e-01
1.778942942619323730e-01 3.175721317529678345e-02 -8.617947809398174286e-03 1.189400702714920044e-01 6.598445028066635132e-02 2.724072635173797607e-01 4.187249392271041870e-02 2.454994916915893555e-01 5.826621055603027344e-01 5.468051880598068237e-02 2.428309321403503418e-01 3.703294396400451660e-01 5.814901590347290039e-01 1.104123815894126892e-01 3.519078493118286133e-01 8.237186819314956665e-02 7.858233153820037842e-02 3.412875235080718994e-01 2.961799502372741699e-01 1.700291633605957031e-01
1.773242354393005371e-01 3.304946422576904297e-02 -8.532471954822540283e-03 1.185771003365516663e-01 6.560674309730529785e-02 2.713843882083892822e-01 4.118688404560089111e-02 2.456954270601272583e-01 5.840998291969299316e-01 5.469956248998641968e-02 2.427394688129425049e-01 3.717371225357055664e-01 5.840424895286560059e-01 1.103380396962165833e-01 3.531590104103088379e-01 8.195743709802627563e-02 7.816856354475021362e-02 3.430168032646179199e-01 2.976586520671844482e-01 1.697226166725158691e-01
1.774264276027679443e-01 3.299673646688461304e-02 -8.514304645359516144e-03 1.186071932315826416e-01 6.562872231006622314e-02 2.714985311031341553e-01 4.121724888682365417e-02 2.456335872411727905e-01 5.841181278228759766e-01 5.467142164707183838e-02 2.426660060882568359e-01 3.715778589248657227e-01 5.839112997055053711e-01 1.103869974613189697e-01 3.531155884265899658e-01 8.190928399562835693e-02 7.811929285526275635e-02 3.429738283157348633e-01 2.976152300834655762e-01 1.697182655334472656e-01
1.774334013462066650e-01 3.340787440538406372e-02 -8.463870733976364136e-03 1.184944063425064087e-01 6.550140678882598877e-02 2.712977826595306396e-01 4.094473272562026978e-02 2.455926537513732910e-01 5.848014354705810547e-01 5.466046184301376343e-02 2.425281107425689697e-01 3.718843162059783936e-01 5.848028063774108887e-01 1.104726865887641907e-01 3.535821735858917236e-01 8.162787556648254395e-02 7.780333608388900757e-02 3.436883687973022461e-01 2.982713282108306885e-01 1.695730984210968018e-01
1.773570924997329712e-01 3.343990445137023926e-02 -8.390449918806552887e-03 1.185576543211936951e-01 6.562506407499313354e-02 2.713669836521148682e-01 4.111181944608688354e-02 2.458811849355697632e-01 5.844541788101196289e-01 5.470362305641174316e-02 2.426271140575408936e-01 3.718361556529998779e-01 5.844116210937500000e-01 1.104660332202911377e-01 3.533763289451599121e-01 8.169002830982208252e-02 7.810838520526885986e-02 3.433448672294616699e-01 2.979244589805603027e-01 1.697899997234344482e-01
1.772571057081222534e-01 3.321214020252227783e-02 -8.552680723369121552e-03 1.185964569449424744e-01 6.563380360603332520e-02 2.715722322463989258e-01 4.122623056173324585e-02 2.459455281496047974e-01 5.844456553459167480e-01 5.475769937038421631e-02 2.426313310861587524e-01 3.718825876712799072e-01 5.839943885803222656e-01 1.103997454047203064e-01 3.532002270221710205e-01 8.191971480846405029e-02 7.825309038162231445e-02 3.430744409561157227e-01 2.977074086666107178e-01 1.698616147041320801e-01
1.778138577938079834e-01 3.189569711685180664e-02 -8.457059040665626526e-03 1.188201829791069031e-01 6.588418036699295044e-02 2.718169689178466797e-01 4.179963469505310059e-02 2.454865276813507080e-01 5.821518898010253906e-01 5.465992540121078491e-02 2.432056516408920288e-01 3.704280257225036621e-01 5.820716619491577148e-01 1.102507933974266052e-01 3.519405722618103027e-01 8.235825598239898682e-02 7.859756052494049072e-02 3.414268195629119873e-01 2.962169051170349121e-01 1.699098646640777588e-01
1.773430407047271729e-01 3.296448290348052979e-02 -8.454636670649051666e-03 1.185914799571037292e-01 6.567706167697906494e-02 2.711468338966369629e-01 4.112156853079795837e-02 2.455852329730987549e-01 5.837886333465576172e-01 5.467910319566726685e-02 2.429160922765731812e-01 3.716266751289367676e-01 5.843075513839721680e-01 1.104037463665008545e-01 3.531276285648345947e-01 8.185601234436035156e-02 7.805742323398590088e-02 3.431079387664794922e-01 2.977341711521148682e-01 1.696860790252685547e-01
1.779310256242752075e-01 3.204444050788879395e-02 -8.272463455796241760e-03 1.187530755996704102e-01 6.586490571498870850e-02 2.713027000427246094e-01 4.154324531555175781e-02 2.451256364583969116e-01 5.819917917251586914e-01 5.453778058290481567e-02 2.433273643255233765e-01 3.703624308109283447e-01 5.829154253005981445e-01 1.103391870856285095e-01 3.522530496120452881e-01 8.203977346420288086e-02 7.824127376079559326e-02 3.419066667556762695e-01 2.966781854629516602e-01 1.696297526359558105e-01
1.774684935808181763e-01 3.291093558073043823e-02 -8.465605787932872772e-03 1.185956150293350220e-01 6.568492949008941650e-02 2.713380157947540283e-01 4.119865968823432922e-02 2.455073595046997070e-01 5.838766694068908691e-01 5.465339869260787964e-02 2.428296804428100586e-01 3.714748620986938477e-01 5.840665102005004883e-01 1.104212850332260132e-01 3.530612587928771973e-01 8.189756423234939575e-02 7.808487862348556519e-02 3.429907262325286865e-01 2.976351082324981689e-01 1.696860492229461670e-01
1.780140399932861328e-01 3.206528723239898682e-02 -8.439167402684688568e-03 1.187732368707656860e-01 6.584360450506210327e-02 2.720750570297241211e-01 4.174840450286865234e-02 2.453635632991790771e-01 5.827053189277648926e-01 5.460634082555770874e-02 2.429299056529998779e-01 3.703202009201049805e-01 5.821467638015747070e-01 1.103772819042205811e-01 3.521246314048767090e-01 8.220665156841278076e-02 7.844451069831848145e-02 3.416601419448852539e-01 2.964458763599395752e-01 1.698630452156066895e-01
1.774018108844757080e-01 3.294631093740463257e-02 -8.451616391539573669e-03 1.186065301299095154e-01 6.567648053169250488e-02 2.712860405445098877e-01 4.121353477239608765e-02 2.456231117248535156e-01 5.838075876235961914e-01 5.468317121267318726e-02 2.428974211215972900e-01 3.715565800666809082e-01 5.840986371040344238e-01 1.103926151990890503e-01 3.530681431293487549e-01 8.190242201089859009e-02 7.813419401645660400e-02 3.429754376411437988e-01 2.976107895374298096e-01 1.697166711091995239e-01
1.777978390455245972e-01 3.192313760519027710e-02 -8.442687802016735077e-03 1.188055425882339478e-01 6.586284190416336060e-02 2.717445790767669678e-01 4.177815467119216919e-02 2.454206496477127075e-01 5.821712613105773926e-01 5.462184175848960876e-02 2.431714534759521484e-01 3.704599738121032715e-01 5.821686983108520508e-01 1.102567017078399658e-01 3.519929349422454834e-01 8.230966329574584961e-02 7.854514569044113159e-02 3.414902091026306152e-01 2.963100373744964600e-01 1.698103100061416626e-01
1.779637038707733154e-01 3.208267688751220703e-02 -8.340105414390563965e-03 1.187234967947006226e-01 6.579715013504028320e-02 2.715294957160949707e-01 4.156052693724632263e-02 2.451248914003372192e-01 5.823698639869689941e-01 5.454090982675552368e-02 2.431296855211257935e-01 3.703920245170593262e-01 5.827901363372802734e-01 1.103344857692718506e-01 3.522624671459197998e-01 8.208750188350677490e-02 7.819421589374542236e-02 3.419542908668518066e-01 2.966841757297515869e-01 1.696572303771972656e-01
1.772958189249038696e-01 3.336497396230697632e-02 -8.386235684156417847e-03 1.185364648699760437e-01 6.558503210544586182e-02 2.712984085083007812e-01 4.110604524612426758e-02 2.458796501159667969e-01 5.843322277069091797e-01 5.475155264139175415e-02 2.427947670221328735e-01 3.718575239181518555e-01 5.845154523849487305e-01 1.104413866996765137e-01 3.533930182456970215e-01 8.173771202564239502e-02 7.809230685234069824e-02 3.433520793914794922e-01 2.979327440261840820e-01 1.697887182235717773e-01
1.773297786712646484e-01 3.299462795257568359e-02 -8.465674705803394318e-03 1.186022162437438965e-01 6.566195189952850342e-02 2.712698578834533691e-01 4.121649265289306641e-02 2.457360476255416870e-01 5.838492512702941895e-01 5.470633879303932190e-02 2.429303973913192749e-01 3.716566860675811768e-01 5.841346979141235352e-01 1.103670522570610046e-01 3.530758619308471680e-01 8.192516863346099854e-02 7.818815112113952637e-02 3.429929018020629883e-01 2.976090013980865479e-01 1.697537600994110107e-01
1.772342622280120850e-01 3.372026979923248291e-02 -8.572858758270740509e-03 1.185538023710250854e-01 6.559748947620391846e-02 2.718787789344787598e-01 4.104580357670783997e-02 2.462404221296310425e-01 5.856163501739501953e-01 5.486948788166046143e-02 2.422763854265213013e-01 3.722656965255737305e-01 5.845105051994323730e-01 1.106135398149490356e-01 3.536742031574249268e-01 8.161766827106475830e-02 7.807088643312454224e-02 3.437285423278808594e-01 2.982727289199829102e-01 1.700302213430404663e-01
1.774220764636993408e-01 3.301245719194412231e-02 -8.544565178453922272e-03 1.186011806130409241e-01 6.567884236574172974e-02 2.714423835277557373e-01 4.113032668828964233e-02 2.455307245254516602e-01 5.842324495315551758e-01 5.465229600667953491e-02 2.426176965236663818e-01 3.716253638267517090e-01 5.840768814086914062e-01 1.104590818285942078e-01 3.531882464885711670e-01 8.186456561088562012e-02 7.805849611759185791e-02 3.431042432785034180e-01 2.977931201457977295e-01 1.696798503398895264e-01
1.778727322816848755e-01 3.183756768703460693e-02 -8.519934490323066711e-03 1.188594028353691101e-01 6.592353433370590210e-02 2.718768417835235596e-01 4.171925410628318787e-02 2.452935725450515747e-01 5.823097229003906250e-01 5.461934953927993774e-02 2.430227696895599365e-01 3.703459203243255615e-01 5.820648074150085449e-01 1.103306189179420471e-01 3.520149588584899902e-01 8.228692412376403809e-02 7.846301048994064331e-02 3.414835631847381592e-01 2.963857650756835938e-01 1.698168516159057617e-01
1.773802936077117920e-01 3.297024965286254883e-02 -8.511518128216266632e-03 1.186144948005676270e-01 6.568977981805801392e-02 2.713947296142578125e-01 4.121124744415283203e-02 2.456778585910797119e-01 5.839690566062927246e-01 5.468902736902236938e-02 2.428220510482788086e-01 3.716001510620117188e-01 5.840232968330383301e-01 1.104115098714828491e-01 3.530865907669067383e-01 8.191324770450592041e-02 7.819736003875732422e-02 3.429660797119140625e-01 2.976038455963134766e-01 1.697552204132080078e-01
1.773490160703659058e-01 3.312830626964569092e-02 -8.561894297599792480e-03 1.185749694705009460e-01 6.563337892293930054e-02 2.715737223625183105e-01 4.119719564914703369e-02 2.457670420408248901e-01 5.844218134880065918e-01 5.473569035530090332e-02 2.426067590713500977e-01 3.717224597930908203e-01 5.839788913726806641e-01 1.103942096233367920e-01 3.531946539878845215e-01 8.195165544748306274e-02 7.819553464651107788e-02 3.430492877960205078e-01 2.976952195167541504e-01 1.698104590177536011e-01
1.780264377593994141e-01 3.208889812231063843e-02 -8.392453193664550781e-03 1.187150031328201294e-01 6.581696867942810059e-02 2.717484533786773682e-01 4.159315302968025208e-02 2.451289147138595581e-01 5.826873183250427246e-01 5.454938113689422607e-02 2.429839223623275757e-01 3.703503608703613281e-01 5.826606750488281250e-01 1.104012876749038696e-01 3.522481918334960938e-01 8.209975063800811768e-02 7.822668552398681641e-02 3.419525027275085449e-01 2.967148423194885254e-01 1.696859002113342285e-01
1.773463934659957886e-01 3.298106789588928223e-02 -8.503796532750129700e-03 1.186044290661811829e-01 6.568062305450439453e-02 2.713423967361450195e-01 4.120728373527526855e-02 2.457074970006942749e-01 5.839369893074035645e-01 5.469220876693725586e-02 2.428539395332336426e-01 3.716377317905426025e-01 5.840719938278198242e-01 1.104000285267829895e-01 3.530898690223693848e-01 8.191288262605667114e-02 7.819574326276779175e-02 3.429897427558898926e-01 2.976168692111968994e-01 1.697529554367065430e-01
1.775644868612289429e-01 3.285317867994308472e-02 -8.299390785396099091e-03 1.185777112841606140e-01 6.567649543285369873e-02 2.710278332233428955e-01 4.116923362016677856e-02 2.453830540180206299e-01 5.833554863929748535e-01 5.461509525775909424e-02 2.430930733680725098e-01 3.713059425354003906e-01 5.843100547790527344e-01 1.104111820459365845e-01 3.530278503894805908e-01 8.179450035095214844e-02 7.797431945800781250e-02 3.430139422416687012e-01 2.976253330707550049e-01 1.695957481861114502e-01
1.779476106166839600e-01 3.197858482599258423e-02 -8.391593582928180695e-03 1.188032701611518860e-01 6.588747352361679077e-02 2.719363868236541748e-01 4.174149781465530396e-02 2.454308569431304932e-01 5.823118090629577637e-01 5.463601648807525635e-02 2.431103289127349854e-01 3.702714145183563232e-01 5.821247100830078125e-01 1.103498041629791260e-01 3.520276248455047607e-01 8.223517239093780518e-02 7.848535478115081787e-02 3.415528535842895508e-01 2.963197529315948486e-01 1.699465364217758179e-01
1.770211756229400635e-01 3.336471319198608398e-02 -8.615218102931976318e-03 1.185883805155754089e-01 6.561335176229476929e-02 2.713914811611175537e-01 4.116563498973846436e-02 2.462171316146850586e-01 5.844874978065490723e-01 5.482782050967216492e-02 2.427386790513992310e-01 3.721810877323150635e-01 5.842490196228027344e-01 1.103454679250717163e-01 3.533124625682830811e-01 8.192250877618789673e-02 7.841900736093521118e-02 3.431575596332550049e-01 2.978045940399169922e-01 1.699051707983016968e-01
1.779176890850067139e-01 3.184413909912109375e-02 -8.595696650445461273e-03 1.188134849071502686e-01 6.580977886915206909e-02 2.721298933029174805e-01 4.182776436209678650e-02 2.453933954238891602e-01 5.824006199836730957e-01 5.460767820477485657e-02 2.428620308637619019e-01 3.703132867813110352e-01 5.815706253051757812e-01 1.101884841918945312e-01 3.519158959388732910e-01 8.243806660175323486e-02 7.864415645599365234e-02 3.412286639213562012e-01 2.961263656616210938e-01 1.698266416788101196e-01
1.778703629970550537e-01 3.191284090280532837e-02 -8.449628949165344238e-03 1.188140138983726501e-01 6.588687002658843994e-02 2.718051671981811523e-01 4.171923547983169556e-02 2.453059256076812744e-01 5.822989940643310547e-01 5.461065471172332764e-02 2.431035041809082031e-01 3.703954219818115234e-01 5.822149515151977539e-01 1.103203520178794861e-01 3.520629703998565674e-01 8.226233720779418945e-02 7.845813035964965820e-02 3.415721058845520020e-01 2.963964343070983887e-01 1.698076426982879639e-01
1.774425506591796875e-01 3.310336172580718994e-02 -8.606326766312122345e-03 1.185909807682037354e-01 6.565530598163604736e-02 2.718458473682403564e-01 4.123245179653167725e-02 2.456872165203094482e-01 5.847808122634887695e-01 5.471083894371986389e-02 2.423863112926483154e-01 3.716860711574554443e-01 5.838302373886108398e-01 1.105191260576248169e-01 3.531665503978729248e-01 8.190652728080749512e-02 7.812514901161193848e-02 3.431107997894287109e-01 2.977732419967651367e-01 1.697974652051925659e-01
1.772019863128662109e-01 3.350645303726196289e-02 -8.730448782444000244e-03 1.185641884803771973e-01 6.552799791097640991e-02 2.719935476779937744e-01 4.118335247039794922e-02 2.461123168468475342e-01 5.853904485702514648e-01 5.472833663225173950e-02 2.421102821826934814e-01 3.721632957458496094e-01 5.838027000427246094e-01 1.103930845856666565e-01 3.533691465854644775e-01 8.196108043193817139e-02 7.832223176956176758e-02 3.432436585426330566e-01 2.978278398513793945e-01 1.699160933494567871e-01
1.781069636344909668e-01 3.212153166532516479e-02 -8.471393957734107971e-03 1.187757030129432678e-01 6.581703573465347290e-02 2.722075581550598145e-01 4.163474217057228088e-02 2.451542317867279053e-01 5.831367373466491699e-01 5.454447492957115173e-02 2.425789833068847656e-01 3.703367114067077637e-01 5.821963548660278320e-01 1.104473695158958435e-01 3.522388339042663574e-01 8.209185302257537842e-02 7.818862795829772949e-02 3.418978452682495117e-01 2.966862320899963379e-01 1.697583496570587158e-01
1.778375506401062012e-01 3.193888068199157715e-02 -8.412170223891735077e-03 1.187748685479164124e-01 6.586163491010665894e-02 2.715772688388824463e-01 4.166008159518241882e-02 2.452680468559265137e-01 5.821334123611450195e-01 5.460372939705848694e-02 2.432301193475723267e-01 3.704329133033752441e-01 5.824760198593139648e-01 1.102864742279052734e-01 3.521004915237426758e-01 8.224257081747055054e-02 7.840774953365325928e-02 3.416647315025329590e-01 2.964621484279632568e-01 1.697572022676467896e-01
1.773200184106826782e-01 3.329678624868392944e-02 -8.653885684907436371e-03 1.185767054557800293e-01 6.564696878194808960e-02 2.718135416507720947e-01 4.112831503152847290e-02 2.458526045083999634e-01 5.850824117660522461e-01 5.471751838922500610e-02 2.423120141029357910e-01 3.719068169593811035e-01 5.840605497360229492e-01 1.105099394917488098e-01 3.533266484737396240e-01 8.184607326984405518e-02 7.813028246164321899e-02 3.433207273483276367e-01 2.979511618614196777e-01 1.698409914970397949e-01
1.772885322570800781e-01 3.314378112554550171e-02 -8.563380688428878784e-03 1.185737475752830505e-01 6.563434004783630371e-02 2.715266048908233643e-01 4.121989011764526367e-02 2.458402961492538452e-01 5.844109058380126953e-01 5.474334955215454102e-02 2.426885664463043213e-01 3.718473315238952637e-01 5.840680599212646484e-01 1.104163751006126404e-01 3.531875908374786377e-01 8.194699138402938843e-02 7.823178172111511230e-02 3.430931270122528076e-01 2.977048754692077637e-01 1.698280572891235352e-01
1.774822920560836792e-01 3.294929862022399902e-02 -8.508839644491672516e-03 1.185553297400474548e-01 6.562101095914840698e-02 2.714321613311767578e-01 4.120592400431632996e-02 2.454702109098434448e-01 5.841096639633178711e-01 5.463463440537452698e-02 2.427038550376892090e-01 3.715418577194213867e-01 5.840196609497070312e-01 1.103960722684860229e-01 3.530827462673187256e-01 8.194641768932342529e-02 7.806420326232910156e-02 3.430306911468505859e-01 2.976691424846649170e-01 1.696429699659347534e-01
1.772911548614501953e-01 3.330989927053451538e-02 -8.686588145792484283e-03 1.185379922389984131e-01 6.558015197515487671e-02 2.720188796520233154e-01 4.130980372428894043e-02 2.460066080093383789e-01 5.851219892501831055e-01 5.478781461715698242e-02 2.422783821821212769e-01 3.719635307788848877e-01 5.836572051048278809e-01 1.104249507188796997e-01 3.532071709632873535e-01 8.203579485416412354e-02 7.835260033607482910e-02 3.430512249469757080e-01 2.976847887039184570e-01 1.699217706918716431e-01
1.775733828544616699e-01 3.277844190597534180e-02 -8.421978913247585297e-03 1.185822859406471252e-01 6.566219031810760498e-02 2.712188959121704102e-01 4.120773449540138245e-02 2.453094273805618286e-01 5.835844278335571289e-01 5.460228770971298218e-02 2.428916096687316895e-01 3.713134527206420898e-01 5.840358138084411621e-01 1.103864163160324097e-01 3.529673814773559570e-01 8.190938830375671387e-02 7.800652086734771729e-02 3.429123163223266602e-01 2.975688576698303223e-01 1.695739030838012695e-01
1.775334775447845459e-01 3.314954787492752075e-02 -8.355784229934215546e-03 1.185616403818130493e-01 6.565682590007781982e-02 2.712989747524261475e-01 4.114406555891036987e-02 2.455621659755706787e-01 5.841185450553894043e-01 5.463087558746337891e-02 2.427911758422851562e-01 3.715370297431945801e-01 5.843720436096191406e-01 1.104784831404685974e-01 3.532220125198364258e-01 8.173331618309020996e-02 7.799989730119705200e-02 3.432466685771942139e-01 2.978379726409912109e-01 1.696550697088241577e-01
1.773791164159774780e-01 3.340865671634674072e-02 -8.652886375784873962e-03 1.185297295451164246e-01 6.554711610078811646e-02 2.719264626502990723e-01 4.115651547908782959e-02 2.457444369792938232e-01 5.853340625762939453e-01 5.468294024467468262e-02 2.421225309371948242e-01 3.719426393508911133e-01 5.839793682098388672e-01 1.104472726583480835e-01 3.534236550331115723e-01 8.189568668603897095e-02 7.812362909317016602e-02 3.433247506618499756e-01 2.979663014411926270e-01 1.697449088096618652e-01
1.774316877126693726e-01 3.292690217494964600e-02 -8.411586284637451172e-03 1.186003386974334717e-01 6.569033861160278320e-02 2.712060213088989258e-01 4.120917618274688721e-02 2.455646246671676636e-01 5.836697816848754883e-01 5.465365201234817505e-02 2.429526597261428833e-01 3.715068399906158447e-01 5.841306447982788086e-01 1.103850752115249634e-01 3.530460894107818604e-01 8.189278841018676758e-02 7.813294976949691772e-02 3.429617285728454590e-01 2.976000607013702393e-01 1.696679592132568359e-01
1.778120696544647217e-01 3.191410750150680542e-02 -8.580441586673259735e-03 1.188393011689186096e-01 6.589909642934799194e-02 2.721402943134307861e-01 4.181513190269470215e-02 2.455143779516220093e-01 5.826171636581420898e-01 5.467246845364570618e-02 2.429253756999969482e-01 3.704520463943481445e-01 5.818227529525756836e-01 1.103093698620796204e-01 3.519608080387115479e-01 8.238747715950012207e-02 7.863044738769531250e-02 3.414117991924285889e-01 2.962659001350402832e-01 1.699659973382949829e-01
1.771405488252639771e-01 3.327250480651855469e-02 -8.587216027081012726e-03 1.185948550701141357e-01 6.565371155738830566e-02 2.714786231517791748e-01 4.115623608231544495e-02 2.460259348154067993e-01 5.844828486442565918e-01 5.479138717055320740e-02 2.426415383815765381e-01 3.720094561576843262e-01 5.841470956802368164e-01 1.104145795106887817e-01 3.532606661319732666e-01 8.188816905021667480e-02 7.830055058002471924e-02 3.431647717952728271e-01 2.977666854858398438e-01 1.699097901582717896e-01
1.774245649576187134e-01 3.292513638734817505e-02 -8.511776104569435120e-03 1.185980141162872314e-01 6.570168584585189819e-02 2.713674306869506836e-01 4.118419811129570007e-02 2.455427348613739014e-01 5.840080976486206055e-01 5.466427654027938843e-02 2.427696883678436279e-01 3.715522587299346924e-01 5.840830206871032715e-01 1.104397028684616089e-01 3.530730605125427246e-01 8.190148323774337769e-02 7.808542251586914062e-02 3.430342674255371094e-01 2.976839542388916016e-01 1.697012186050415039e-01
1.779776960611343384e-01 3.203672170639038086e-02 -8.348820731043815613e-03 1.187923848628997803e-01 6.587227433919906616e-02 2.718165516853332520e-01 4.169173538684844971e-02 2.453144937753677368e-01 5.823464393615722656e-01 5.457352846860885620e-02 2.430893182754516602e-01 3.703141808509826660e-01 5.823352932929992676e-01 1.103780716657638550e-01 3.521063029766082764e-01 8.214555680751800537e-02 7.840508222579956055e-02 3.416956961154937744e-01 2.964638769626617432e-01 1.698215007781982422e-01
1.773767024278640747e-01 3.293535858392715454e-02 -8.450614288449287415e-03 1.186055392026901245e-01 6.568128615617752075e-02 2.712658643722534180e-01 4.123367369174957275e-02 2.456369102001190186e-01 5.837442874908447266e-01 5.470360070466995239e-02 2.428974360227584839e-01 3.715796470642089844e-01 5.840466022491455078e-01 1.103777140378952026e-01 3.530319333076477051e-01 8.192846924066543579e-02 7.814875245094299316e-02 3.429249823093414307e-01 2.975698411464691162e-01 1.697390079498291016e-01
1.770980656147003174e-01 3.363820910453796387e-02 -8.787974715232849121e-03 1.186083480715751648e-01 6.550300121307373047e-02 2.720867991447448730e-01 4.115350171923637390e-02 2.461880445480346680e-01 5.857105255126953125e-01 5.476641654968261719e-02 2.419182658195495605e-01 3.723368942737579346e-01 5.837892293930053711e-01 1.103641539812088013e-01 3.536182641983032227e-01 8.191558718681335449e-02 7.835040986537933350e-02 3.432739078998565674e-01 2.980220913887023926e-01 1.698265820741653442e-01
1.774318069219589233e-01 3.288678824901580811e-02 -8.373639546334743500e-03 1.186198890209197998e-01 6.570587307214736938e-02 2.711346447467803955e-01 4.120848327875137329e-02 2.455324083566665649e-01 5.835061073303222656e-01 5.465067178010940552e-02 2.430064082145690918e-01 3.714496791362762451e-01 5.841538310050964355e-01 1.103886067867279053e-01 3.530167937278747559e-01 8.186503499746322632e-02 7.810040563344955444e-02 3.429310321807861328e-01 2.975797057151794434e-01 1.696664839982986450e-01
1.779256910085678101e-01 3.201016783714294434e-02 -8.344796486198902130e-03 1.187688931822776794e-01 6.586735695600509644e-02 2.715992033481597900e-01 4.162044450640678406e-02 2.452686578035354614e-01 5.821386575698852539e-01 5.458744615316390991e-02 2.432212084531784058e-01 3.703306615352630615e-01 5.825557708740234375e-01 1.103456616401672363e-01 3.521522879600524902e-01 8.213011920452117920e-02 7.834909111261367798e-02 3.417570292949676514e-01 2.965035140514373779e-01 1.697937250137329102e-01
1.772889643907546997e-01 3.304217010736465454e-02 -8.448967710137367249e-03 1.185927391052246094e-01 6.564813852310180664e-02 2.712643444538116455e-01 4.122673347592353821e-02 2.457858622074127197e-01 5.838858485221862793e-01 5.474188178777694702e-02 2.429514825344085693e-01 3.717268705368041992e-01 5.841900110244750977e-01 1.103720515966415405e-01 3.531208634376525879e-01 8.192087709903717041e-02 7.819832116365432739e-02 3.430184125900268555e-01 2.976415753364562988e-01 1.697701662778854370e-01
1.774258017539978027e-01 3.324309736490249634e-02 -8.323617279529571533e-03 1.185612678527832031e-01 6.564164906740188599e-02 2.710537910461425781e-01 4.104181751608848572e-02 2.456015795469284058e-01 5.839549303054809570e-01 5.463004857301712036e-02 2.428860366344451904e-01 3.716681599617004395e-01 5.846475958824157715e-01 1.104529500007629395e-01 3.533286452293395996e-01 8.166845887899398804e-02 7.798522710800170898e-02 3.433629572391510010e-01 2.979395389556884766e-01 1.696407049894332886e-01
1.774382591247558594e-01 3.294368833303451538e-02 -8.431801572442054749e-03 1.185721978545188904e-01 6.566803157329559326e-02 2.711492478847503662e-01 4.114893823862075806e-02 2.454583197832107544e-01 5.837482810020446777e-01 5.463211238384246826e-02 2.429013699293136597e-01 3.715307712554931641e-01 5.842556357383728027e-01 1.104009225964546204e-01 3.531246781349182129e-01 8.185985684394836426e-02 7.806491851806640625e-02 3.430538177490234375e-01 2.977094650268554688e-01 1.695974171161651611e-01
1.775132864713668823e-01 3.279254585504531860e-02 -8.423351682722568512e-03 1.185998097062110901e-01 6.568853557109832764e-02 2.712645232677459717e-01 4.125751554965972900e-02 2.454492151737213135e-01 5.835546851158142090e-01 5.464026331901550293e-02 2.429410070180892944e-01 3.713611960411071777e-01 5.839636325836181641e-01 1.103921830654144287e-01 3.529370725154876709e-01 8.192299306392669678e-02 7.810780405998229980e-02 3.428440988063812256e-01 2.975013852119445801e-01 1.696481704711914062e-01
1.773811727762222290e-01 3.326945006847381592e-02 -8.644729852676391602e-03 1.185831502079963684e-01 6.564916670322418213e-02 2.720223963260650635e-01 4.131979495286941528e-02 2.459153532981872559e-01 5.851180553436279297e-01 5.473648384213447571e-02 2.423195093870162964e-01 3.718452751636505127e-01 5.837393999099731445e-01 1.104880869388580322e-01 3.532201647758483887e-01 8.197195082902908325e-02 7.831467688083648682e-02 3.430773019790649414e-01 2.977463006973266602e-01 1.698554754257202148e-01
1.774446815252304077e-01 3.285803645849227905e-02 -8.436249569058418274e-03 1.186062842607498169e-01 6.567659974098205566e-02 2.711259126663208008e-01 4.112375155091285706e-02 2.454093992710113525e-01 5.836330056190490723e-01 5.461506918072700500e-02 2.429124563932418823e-01 3.714832365512847900e-01 5.842341780662536621e-01 1.104011088609695435e-01 3.531036972999572754e-01 8.183111995458602905e-02 7.798350602388381958e-02 3.430522680282592773e-01 2.976984977722167969e-01 1.695834994316101074e-01
1.774284988641738892e-01 3.292478621006011963e-02 -8.474770002067089081e-03 1.185778826475143433e-01 6.567503511905670166e-02 2.713135480880737305e-01 4.119579493999481201e-02 2.455416321754455566e-01 5.838555693626403809e-01 5.466559529304504395e-02 2.428227365016937256e-01 3.715191483497619629e-01 5.840463638305664062e-01 1.103930026292800903e-01 3.530320525169372559e-01 8.193077147006988525e-02 7.810632884502410889e-02 3.429748117923736572e-01 2.976099848747253418e-01 1.697112470865249634e-01
1.774798929691314697e-01 3.298719227313995361e-02 -8.513217791914939880e-03 1.185771375894546509e-01 6.564179062843322754e-02 2.714004516601562500e-01 4.115150868892669678e-02 2.454234361648559570e-01 5.842141509056091309e-01 5.460937321186065674e-02 2.426422238349914551e-01 3.715851306915283203e-01 5.841512680053710938e-01 1.104347407817840576e-01 3.531810641288757324e-01 8.185426890850067139e-02 7.799787819385528564e-02 3.431482911109924316e-01 2.978212535381317139e-01 1.695655584335327148e-01
1.773056089878082275e-01 3.325151652097702026e-02 -8.514133282005786896e-03 1.185761392116546631e-01 6.568981707096099854e-02 2.714821398258209229e-01 4.116835445165634155e-02 2.457638829946517944e-01 5.846106410026550293e-01 5.469980835914611816e-02 2.425791472196578979e-01 3.718938529491424561e-01 5.843012928962707520e-01 1.104902476072311401e-01 3.533099293708801270e-01 8.179505169391632080e-02 7.811477035284042358e-02 3.433019518852233887e-01 2.979395389556884766e-01 1.697185933589935303e-01
1.773759573698043823e-01 3.310775011777877808e-02 -8.519382216036319733e-03 1.185526400804519653e-01 6.559018790721893311e-02 2.713374197483062744e-01 4.111734032630920410e-02 2.455908358097076416e-01 5.842008590698242188e-01 5.465557426214218140e-02 2.426339387893676758e-01 3.716972172260284424e-01 5.841512084007263184e-01 1.103541478514671326e-01 3.532136678695678711e-01 8.189699053764343262e-02 7.807375490665435791e-02 3.431280851364135742e-01 2.977613210678100586e-01 1.696655750274658203e-01
