2.610000073909759521e-01 -2.529999911785125732e-01 -1.200000010430812836e-02 7.099999785423278809e-01 0.000000000000000000e+00 2.529999971389770508e+00 0.000000000000000000e+00 0.000000000000000000e+00 7.200000286102294922e-01 0.000000000000000000e+00 2.109999895095825195e+00 0.000000000000000000e+00 0.000000000000000000e+00 2.380000114440917969e+00 0.000000000000000000e+00 0.000000000000000000e+00 0.000000000000000000e+00 2.420000076293945312e+00 0.000000000000000000e+00 0.000000000000000000e+00
2.630000114440917969e-01 -2.739999890327453613e-01 -1.200000010430812836e-02 6.000000238418579102e-01 0.000000000000000000e+00 2.710000038146972656e+00 0.000000000000000000e+00 0.000000000000000000e+00 6.499999761581420898e-01 0.000000000000000000e+00 1.970000028610229492e+00 0.000000000000000000e+00 0.000000000000000000e+00 3.349999904632568359e+00 2.199999988079071045e-01 0.000000000000000000e+00 0.000000000000000000e+00 2.829999923706054688e+00 0.000000000000000000e+00 3.999999910593032837e-02
2.669999897480010986e-01 -2.899999916553497314e-01 -1.300000026822090149e-02 5.299999713897705078e-01 0.000000000000000000e+00 2.920000076293945312e+00 1.999999955296516418e-02 0.000000000000000000e+00 7.400000095367431641e-01 0.000000000000000000e+00 1.389999985694885254e+00 0.000000000000000000e+00 0.000000000000000000e+00 3.369999885559082031e+00 2.199999988079071045e-01 0.000000000000000000e+00 0.000000000000000000e+00 2.309999942779541016e+00 0.000000000000000000e+00 3.999999910593032837e-02
2.680000066757202148e-01 -2.720000147819519043e-01 -8.000000379979610443e-03 5.400000214576721191e-01 0.000000000000000000e+00 2.940000057220458984e+00 1.999999955296516418e-02 0.000000000000000000e+00 8.999999761581420898e-01 0.000000000000000000e+00 8.700000047683715820e-01 0.000000000000000000e+00 0.000000000000000000e+00 3.960000038146972656e+00 2.199999988079071045e-01 0.000000000000000000e+00 0.000000000000000000e+00 1.840000033378601074e+00 0.000000000000000000e+00 3.999999910593032837e-02
2.529999911785125732e-01 -2.319999933242797852e-01 -1.000000047497451305e-03 6.800000071525573730e-01 0.000000000000000000e+00 2.769999980926513672e+00 1.999999955296516418e-02 1.099999994039535522e-01 1.279999971389770508e+00 0.000000000000000000e+00 8.399999737739562988e-01 1.199999973177909851e-01 0.000000000000000000e+00 2.640000104904174805e+00 0.000000000000000000e+00 0.000000000000000000e+00 0.000000000000000000e+00 1.379999995231628418e+00 1.999999955296516418e-02 0.000000000000000000e+00
2.460000067949295044e-01 -1.920000016689300537e-01 3.000000026077032089e-03 8.000000119209289551e-01 0.000000000000000000e+00 2.660000085830688477e+00 0.000000000000000000e+00 3.400000035762786865e-01 1.919999957084655762e+00 0.000000000000000000e+00 1.230000019073486328e+00 2.000000029802322388e-01 0.000000000000000000e+00 2.099999904632568359e+00 0.000000000000000000e+00 3.199999928474426270e-01 0.000000000000000000e+00 1.960000038146972656e+00 3.700000047683715820e-01 5.999999865889549255e-02
2.500000000000000000e-01 -1.759999990463256836e-01 4.000000189989805222e-03 8.700000047683715820e-01 0.000000000000000000e+00 2.730000019073486328e+00 0.000000000000000000e+00 5.699999928474426270e-01 2.420000076293945312e+00 0.000000000000000000e+00 1.690000057220458984e+00 2.000000029802322388e-01 0.000000000000000000e+00 2.380000114440917969e+00 0.000000000000000000e+00 7.300000190734863281e-01 0.000000000000000000e+00 2.450000047683715820e+00 8.299999833106994629e-01 1.299999952316284180e-01
2.419999986886978149e-01 -1.700000017881393433e-01 -1.000000047497451305e-03 9.599999785423278809e-01 0.000000000000000000e+00 2.799999952316284180e+00 0.000000000000000000e+00 5.299999713897705078e-01 2.400000095367431641e+00 0.000000000000000000e+00 1.809999942779541016e+00 9.000000357627868652e-02 0.000000000000000000e+00 3.049999952316284180e+00 0.000000000000000000e+00 7.400000095367431641e-01 0.000000000000000000e+00 2.420000076293945312e+00 1.029999971389770508e+00 1.899999976158142090e-01
2.160000056028366089e-01 -1.840000003576278687e-01 -8.000000379979610443e-03 9.499999880790710449e-01 0.000000000000000000e+00 2.700000047683715820e+00 0.000000000000000000e+00 3.199999928474426270e-01 2.130000114440917969e+00 0.000000000000000000e+00 1.730000019073486328e+00 9.999999776482582092e-03 0.000000000000000000e+00 3.000000000000000000e+00 1.599999964237213135e-01 4.199999868869781494e-01 0.000000000000000000e+00 1.710000038146972656e+00 1.059999942779541016e+00 3.100000023841857910e-01
2.020000070333480835e-01 -1.720000058412551880e-01 -1.499999966472387314e-02 9.200000166893005371e-01 0.000000000000000000e+00 2.539999961853027344e+00 0.000000000000000000e+00 1.700000017881393433e-01 1.799999952316284180e+00 0.000000000000000000e+00 1.710000038146972656e+00 9.000000357627868652e-02 0.000000000000000000e+00 2.089999914169311523e+00 1.599999964237213135e-01 1.099999994039535522e-01 0.000000000000000000e+00 1.240000009536743164e+00 1.019999980926513672e+00 6.000000238418579102e-01
2.060000002384185791e-01 -1.289999932050704956e-01 -1.600000075995922089e-02 7.599999904632568359e-01 0.000000000000000000e+00 2.490000009536743164e+00 0.000000000000000000e+00 3.000000119209289551e-01 1.740000009536743164e+00 0.000000000000000000e+00 1.779999971389770508e+00 2.800000011920928955e-01 0.000000000000000000e+00 1.070000052452087402e+00 1.599999964237213135e-01 1.000000014901161194e-01 0.000000000000000000e+00 1.200000047683715820e+00 1.340000033378601074e+00 1.000000000000000000e+00
2.070000022649765015e-01 -5.400000140070915222e-02 -2.099999971687793732e-02 6.200000047683715820e-01 0.000000000000000000e+00 2.529999971389770508e+00 0.000000000000000000e+00 5.699999928474426270e-01 1.940000057220458984e+00 0.000000000000000000e+00 1.909999966621398926e+00 5.000000000000000000e-01 0.000000000000000000e+00 1.400000005960464478e-01 0.000000000000000000e+00 1.199999973177909851e-01 0.000000000000000000e+00 1.450000047683715820e+00 1.730000019073486328e+00 1.289999961853027344e+00
1.969999969005584717e-01 2.300000004470348358e-02 -1.300000026822090149e-02 3.300000131130218506e-01 0.000000000000000000e+00 2.480000019073486328e+00 0.000000000000000000e+00 8.000000119209289551e-01 2.069999933242797852e+00 0.000000000000000000e+00 2.309999942779541016e+00 6.000000238418579102e-01 1.199999973177909851e-01 0.000000000000000000e+00 0.000000000000000000e+00 7.000000029802322388e-02 0.000000000000000000e+00 1.769999980926513672e+00 2.250000000000000000e+00 1.159999966621398926e+00
1.920000016689300537e-01 9.399999678134918213e-02 -1.700000092387199402e-02 1.299999952316284180e-01 0.000000000000000000e+00 2.420000076293945312e+00 0.000000000000000000e+00 8.899999856948852539e-01 2.150000095367431641e+00 3.999999910593032837e-02 2.200000047683715820e+00 5.099999904632568359e-01 2.000000029802322388e-01 0.000000000000000000e+00 0.000000000000000000e+00 7.999999821186065674e-02 0.000000000000000000e+00 2.190000057220458984e+00 2.509999990463256836e+00 1.210000038146972656e+00
1.679999977350234985e-01 1.920000016689300537e-01 -3.099999949336051941e-02 0.000000000000000000e+00 1.700000017881393433e-01 2.059999942779541016e+00 0.000000000000000000e+00 7.400000095367431641e-01 2.210000038146972656e+00 3.999999910593032837e-02 1.860000014305114746e+00 3.000000119209289551e-01 2.000000029802322388e-01 0.000000000000000000e+00 3.999999910593032837e-02 5.000000074505805969e-02 0.000000000000000000e+00 2.349999904632568359e+00 2.240000009536743164e+00 1.190000057220458984e+00
1.220000013709068298e-01 2.870000004768371582e-01 -2.099999971687793732e-02 0.000000000000000000e+00 2.500000000000000000e-01 1.759999990463256836e+00 0.000000000000000000e+00 4.900000095367431641e-01 2.410000085830688477e+00 3.999999910593032837e-02 1.259999990463256836e+00 1.099999994039535522e-01 7.000000029802322388e-02 0.000000000000000000e+00 3.999999910593032837e-02 0.000000000000000000e+00 0.000000000000000000e+00 2.140000104904174805e+00 1.500000000000000000e+00 1.250000000000000000e+00
1.049999967217445374e-01 3.440000116825103760e-01 -4.000000189989805222e-03 3.999999910593032837e-02 4.799999892711639404e-01 1.289999961853027344e+00 0.000000000000000000e+00 2.099999934434890747e-01 2.299999952316284180e+00 0.000000000000000000e+00 6.299999952316284180e-01 0.000000000000000000e+00 0.000000000000000000e+00 0.000000000000000000e+00 3.999999910593032837e-02 0.000000000000000000e+00 0.000000000000000000e+00 1.230000019073486328e+00 6.899999976158142090e-01 1.019999980926513672e+00
7.199999690055847168e-02 3.790000081062316895e-01 1.200000010430812836e-02 3.000000119209289551e-01 8.299999833106994629e-01 1.080000042915344238e+00 0.000000000000000000e+00 7.000000029802322388e-02 1.980000019073486328e+00 0.000000000000000000e+00 2.599999904632568359e-01 0.000000000000000000e+00 0.000000000000000000e+00 0.000000000000000000e+00 1.700000017881393433e-01 0.000000000000000000e+00 0.000000000000000000e+00 4.600000083446502686e-01 1.899999976158142090e-01 8.399999737739562988e-01
8.699999749660491943e-02 4.199999868869781494e-01 1.700000092387199402e-02 5.899999737739562988e-01 1.220000028610229492e+00 8.199999928474426270e-01 0.000000000000000000e+00 0.000000000000000000e+00 1.500000000000000000e+00 0.000000000000000000e+00 9.999999776482582092e-03 0.000000000000000000e+00 0.000000000000000000e+00 0.000000000000000000e+00 4.199999868869781494e-01 3.999999910593032837e-02 0.000000000000000000e+00 0.000000000000000000e+00 0.000000000000000000e+00 7.799999713897705078e-01
1.220000013709068298e-01 4.589999914169311523e-01 2.099999971687793732e-02 8.399999737739562988e-01 1.480000019073486328e+00 8.500000238418579102e-01 0.000000000000000000e+00 0.000000000000000000e+00 1.070000052452087402e+00 0.000000000000000000e+00 3.999999910593032837e-02 0.000000000000000000e+00 0.000000000000000000e+00 0.000000000000000000e+00 7.300000190734863281e-01 5.000000074505805969e-02 0.000000000000000000e+00 0.000000000000000000e+00 0.000000000000000000e+00 5.600000023841857910e-01
1.550000011920928955e-01 4.990000128746032715e-01 1.899999938905239105e-02 7.500000000000000000e-01 1.200000047683715820e+00 7.699999809265136719e-01 0.000000000000000000e+00 0.000000000000000000e+00 6.000000238418579102e-01 7.000000029802322388e-02 4.399999976158142090e-01 0.000000000000000000e+00 0.000000000000000000e+00 0.000000000000000000e+00 7.099999785423278809e-01 5.000000074505805969e-02 0.000000000000000000e+00 5.000000074505805969e-02 0.000000000000000000e+00 4.000000059604644775e-01
1.969999969005584717e-01 5.049999952316284180e-01 -3.000000026077032089e-03 6.600000262260437012e-01 9.700000286102294922e-01 7.900000214576721191e-01 0.000000000000000000e+00 0.000000000000000000e+00 3.199999928474426270e-01 1.800000071525573730e-01 9.800000190734863281e-01 9.000000357627868652e-02 0.000000000000000000e+00 0.000000000000000000e+00 5.099999904632568359e-01 9.999999776482582092e-03 0.000000000000000000e+00 2.599999904632568359e-01 0.000000000000000000e+00 1.700000017881393433e-01
2.109999954700469971e-01 5.159999728202819824e-01 -8.999999612569808960e-03 6.000000238418579102e-01 5.600000023841857910e-01 7.699999809265136719e-01 0.000000000000000000e+00 0.000000000000000000e+00 2.000000029802322388e-01 2.300000041723251343e-01 1.429999947547912598e+00 1.800000071525573730e-01 0.000000000000000000e+00 0.000000000000000000e+00 3.700000047683715820e-01 0.000000000000000000e+00 0.000000000000000000e+00 5.199999809265136719e-01 0.000000000000000000e+00 1.400000005960464478e-01
1.800000071525573730e-01 5.799999833106994629e-01 -3.000000026077032089e-03 6.600000262260437012e-01 3.100000023841857910e-01 7.900000214576721191e-01 0.000000000000000000e+00 0.000000000000000000e+00 1.199999973177909851e-01 1.599999964237213135e-01 1.320000052452087402e+00 2.899999916553497314e-01 0.000000000000000000e+00 0.000000000000000000e+00 6.700000166893005371e-01 0.000000000000000000e+00 3.600000143051147461e-01 4.699999988079071045e-01 0.000000000000000000e+00 3.999999910593032837e-02
1.529999971389770508e-01 6.050000190734863281e-01 8.999999612569808960e-03 7.300000190734863281e-01 2.099999934434890747e-01 8.999999761581420898e-01 0.000000000000000000e+00 0.000000000000000000e+00 0.000000000000000000e+00 3.999999910593032837e-02 9.599999785423278809e-01 2.399999946355819702e-01 0.000000000000000000e+00 0.000000000000000000e+00 1.460000038146972656e+00 0.000000000000000000e+00 9.599999785423278809e-01 2.700000107288360596e-01 0.000000000000000000e+00 3.999999910593032837e-02
1.669999957084655762e-01 6.290000081062316895e-01 4.000000189989805222e-03 8.000000119209289551e-01 3.199999928474426270e-01 8.399999737739562988e-01 0.000000000000000000e+00 0.000000000000000000e+00 0.000000000000000000e+00 0.000000000000000000e+00 8.100000023841857910e-01 1.800000071525573730e-01 0.000000000000000000e+00 0.000000000000000000e+00 1.980000019073486328e+00 2.999999932944774628e-02 1.470000028610229492e+00 9.999999776482582092e-03 3.300000131130218506e-01 0.000000000000000000e+00
2.020000070333480835e-01 6.600000262260437012e-01 -2.099999971687793732e-02 8.500000238418579102e-01 5.299999713897705078e-01 8.100000023841857910e-01 0.000000000000000000e+00 0.000000000000000000e+00 0.000000000000000000e+00 0.000000000000000000e+00 6.999999880790710449e-01 1.000000014901161194e-01 0.000000000000000000e+00 0.000000000000000000e+00 2.339999914169311523e+00 2.700000107288360596e-01 1.460000038146972656e+00 0.000000000000000000e+00 4.799999892711639404e-01 0.000000000000000000e+00
2.210000008344650269e-01 6.669999957084655762e-01 -4.100000113248825073e-02 8.600000143051147461e-01 6.100000143051147461e-01 6.399999856948852539e-01 0.000000000000000000e+00 0.000000000000000000e+00 0.000000000000000000e+00 0.000000000000000000e+00 6.800000071525573730e-01 9.000000357627868652e-02 0.000000000000000000e+00 0.000000000000000000e+00 2.240000009536743164e+00 3.300000131130218506e-01 1.299999952316284180e+00 0.000000000000000000e+00 4.799999892711639404e-01 0.000000000000000000e+00
2.269999980926513672e-01 6.779999732971191406e-01 -6.199999898672103882e-02 9.200000166893005371e-01 6.100000143051147461e-01 6.299999952316284180e-01 0.000000000000000000e+00 0.000000000000000000e+00 0.000000000000000000e+00 0.000000000000000000e+00 5.500000119209289551e-01 2.300000041723251343e-01 0.000000000000000000e+00 0.000000000000000000e+00 1.840000033378601074e+00 3.000000119209289551e-01 1.269999980926513672e+00 0.000000000000000000e+00 1.500000059604644775e-01 0.000000000000000000e+00
2.389999926090240479e-01 6.729999780654907227e-01 -1.089999973773956299e-01 8.600000143051147461e-01 5.500000119209289551e-01 6.399999856948852539e-01 0.000000000000000000e+00 0.000000000000000000e+00 0.000000000000000000e+00 0.000000000000000000e+00 5.600000023841857910e-01 3.499999940395355225e-01 0.000000000000000000e+00 0.000000000000000000e+00 1.519999980926513672e+00 5.999999865889549255e-02 1.539999961853027344e+00 0.000000000000000000e+00 0.000000000000000000e+00 0.000000000000000000e+00
2.849999964237213135e-01 6.660000085830688477e-01 -1.529999971389770508e-01 8.600000143051147461e-01 4.699999988079071045e-01 6.700000166893005371e-01 0.000000000000000000e+00 1.999999955296516418e-02 0.000000000000000000e+00 0.000000000000000000e+00 5.500000119209289551e-01 5.899999737739562988e-01 0.000000000000000000e+00 0.000000000000000000e+00 1.500000000000000000e+00 5.999999865889549255e-02 1.840000033378601074e+00 0.000000000000000000e+00 0.000000000000000000e+00 0.000000000000000000e+00
2.540000081062316895e-01 6.600000262260437012e-01 -1.620000004768371582e-01 8.500000238418579102e-01 2.700000107288360596e-01 7.099999785423278809e-01 0.000000000000000000e+00 1.999999955296516418e-02 0.000000000000000000e+00 0.000000000000000000e+00 3.799999952316284180e-01 6.700000166893005371e-01 0.000000000000000000e+00 0.000000000000000000e+00 1.990000009536743164e+00 1.899999976158142090e-01 2.019999980926513672e+00 0.000000000000000000e+00 0.000000000000000000e+00 0.000000000000000000e+00
2.479999959468841553e-01 6.650000214576721191e-01 -1.729999929666519165e-01 1.090000033378601074e+00 3.000000119209289551e-01 7.699999809265136719e-01 0.000000000000000000e+00 1.999999955296516418e-02 0.000000000000000000e+00 0.000000000000000000e+00 1.800000071525573730e-01 6.000000238418579102e-01 0.000000000000000000e+00 0.000000000000000000e+00 2.039999961853027344e+00 1.899999976158142090e-01 1.909999966621398926e+00 0.000000000000000000e+00 0.000000000000000000e+00 0.000000000000000000e+00
2.790000140666961670e-01 6.679999828338623047e-01 -1.819999963045120239e-01 1.159999966621398926e+00 1.800000071525573730e-01 8.399999737739562988e-01 2.599999904632568359e-01 0.000000000000000000e+00 0.000000000000000000e+00 0.000000000000000000e+00 2.999999932944774628e-02 3.600000143051147461e-01 0.000000000000000000e+00 0.000000000000000000e+00 2.099999904632568359e+00 1.400000005960464478e-01 1.929999947547912598e+00 5.000000074505805969e-02 7.200000286102294922e-01 0.000000000000000000e+00
3.289999961853027344e-01 6.790000200271606445e-01 -2.060000002384185791e-01 1.269999980926513672e+00 1.800000071525573730e-01 1.009999990463256836e+00 5.500000119209289551e-01 0.000000000000000000e+00 0.000000000000000000e+00 0.000000000000000000e+00 0.000000000000000000e+00 1.199999973177909851e-01 0.000000000000000000e+00 0.000000000000000000e+00 2.190000057220458984e+00 7.000000029802322388e-02 2.059999942779541016e+00 1.599999964237213135e-01 1.610000014305114746e+00 0.000000000000000000e+00
3.869999945163726807e-01 6.750000119209289551e-01 -2.399999946355819702e-01 1.330000042915344238e+00 2.399999946355819702e-01 1.230000019073486328e+00 6.899999976158142090e-01 0.000000000000000000e+00 0.000000000000000000e+00 0.000000000000000000e+00 1.500000059604644775e-01 3.999999910593032837e-02 0.000000000000000000e+00 0.000000000000000000e+00 2.450000047683715820e+00 7.000000029802322388e-02 2.299999952316284180e+00 1.599999964237213135e-01 1.970000028610229492e+00 0.000000000000000000e+00
3.459999859333038330e-01 6.460000276565551758e-01 -2.129999995231628418e-01 1.440000057220458984e+00 4.600000083446502686e-01 1.350000023841857910e+00 4.699999988079071045e-01 0.000000000000000000e+00 0.000000000000000000e+00 0.000000000000000000e+00 3.199999928474426270e-01 9.999999776482582092e-03 0.000000000000000000e+00 7.000000029802322388e-02 1.970000028610229492e+00 7.000000029802322388e-02 2.039999961853027344e+00 1.199999973177909851e-01 1.250000000000000000e+00 0.000000000000000000e+00
3.300000131130218506e-01 6.330000162124633789e-01 -1.940000057220458984e-01 1.409999966621398926e+00 6.899999976158142090e-01 1.299999952316284180e+00 3.199999928474426270e-01 0.000000000000000000e+00 0.000000000000000000e+00 0.000000000000000000e+00 6.700000166893005371e-01 7.000000029802322388e-02 0.000000000000000000e+00 7.000000029802322388e-02 1.360000014305114746e+00 0.000000000000000000e+00 1.549999952316284180e+00 0.000000000000000000e+00 4.300000071525573730e-01 0.000000000000000000e+00
3.210000097751617432e-01 5.979999899864196777e-01 -1.759999990463256836e-01 1.139999985694885254e+00 6.800000071525573730e-01 1.080000042915344238e+00 3.100000023841857910e-01 0.000000000000000000e+00 0.000000000000000000e+00 0.000000000000000000e+00 7.699999809265136719e-01 1.099999994039535522e-01 0.000000000000000000e+00 7.000000029802322388e-02 1.039999961853027344e+00 0.000000000000000000e+00 1.299999952316284180e+00 9.999999776482582092e-03 7.000000029802322388e-02 0.000000000000000000e+00
3.269999921321868896e-01 5.749999880790710449e-01 -1.720000058412551880e-01 8.999999761581420898e-01 7.200000286102294922e-01 9.399999976158142090e-01 4.000000059604644775e-01 0.000000000000000000e+00 0.000000000000000000e+00 0.000000000000000000e+00 8.500000238418579102e-01 1.000000014901161194e-01 0.000000000000000000e+00 0.000000000000000000e+00 1.389999985694885254e+00 0.000000000000000000e+00 1.350000023841857910e+00 9.999999776482582092e-03 7.000000029802322388e-02 0.000000000000000000e+00
3.499999940395355225e-01 5.780000090599060059e-01 -1.679999977350234985e-01 6.600000262260437012e-01 6.800000071525573730e-01 8.500000238418579102e-01 4.300000071525573730e-01 0.000000000000000000e+00 0.000000000000000000e+00 0.000000000000000000e+00 7.099999785423278809e-01 3.999999910593032837e-02 0.000000000000000000e+00 0.000000000000000000e+00 1.610000014305114746e+00 2.999999932944774628e-02 1.450000047683715820e+00 9.999999776482582092e-03 1.500000059604644775e-01 0.000000000000000000e+00
3.750000000000000000e-01 5.780000090599060059e-01 -1.790000051259994507e-01 6.100000143051147461e-01 6.299999952316284180e-01 9.399999976158142090e-01 5.400000214576721191e-01 0.000000000000000000e+00 0.000000000000000000e+00 0.000000000000000000e+00 7.200000286102294922e-01 5.000000074505805969e-02 0.000000000000000000e+00 0.000000000000000000e+00 1.679999947547912598e+00 5.999999865889549255e-02 1.350000023841857910e+00 0.000000000000000000e+00 3.799999952316284180e-01 0.000000000000000000e+00
3.889999985694885254e-01 5.709999799728393555e-01 -1.969999969005584717e-01 6.200000047683715820e-01 5.299999713897705078e-01 1.039999961853027344e+00 7.799999713897705078e-01 0.000000000000000000e+00 0.000000000000000000e+00 0.000000000000000000e+00 9.800000190734863281e-01 1.899999976158142090e-01 0.000000000000000000e+00 0.000000000000000000e+00 1.559999942779541016e+00 5.999999865889549255e-02 1.179999947547912598e+00 1.800000071525573730e-01 6.499999761581420898e-01 0.000000000000000000e+00
4.120000004768371582e-01 5.540000200271606445e-01 -2.109999954700469971e-01 6.700000166893005371e-01 4.499999880790710449e-01 1.179999947547912598e+00 8.899999856948852539e-01 0.000000000000000000e+00 0.000000000000000000e+00 1.000000014901161194e-01 1.389999985694885254e+00 4.199999868869781494e-01 0.000000000000000000e+00 0.000000000000000000e+00 1.450000047683715820e+00 3.999999910593032837e-02 1.210000038146972656e+00 5.299999713897705078e-01 6.000000238418579102e-01 0.000000000000000000e+00
4.000000059604644775e-01 5.360000133514404297e-01 -2.070000022649765015e-01 6.499999761581420898e-01 2.599999904632568359e-01 1.090000033378601074e+00 1.000000000000000000e+00 0.000000000000000000e+00 7.000000029802322388e-02 1.500000059604644775e-01 1.799999952316284180e+00 6.200000047683715820e-01 0.000000000000000000e+00 0.000000000000000000e+00 1.220000028610229492e+00 0.000000000000000000e+00 1.269999980926513672e+00 7.699999809265136719e-01 5.299999713897705078e-01 0.000000000000000000e+00
4.140000045299530029e-01 5.149999856948852539e-01 -2.220000028610229492e-01 5.199999809265136719e-01 1.199999973177909851e-01 1.120000004768371582e+00 1.029999971389770508e+00 0.000000000000000000e+00 2.199999988079071045e-01 2.800000011920928955e-01 2.009999990463256836e+00 7.500000000000000000e-01 0.000000000000000000e+00 0.000000000000000000e+00 9.499999880790710449e-01 0.000000000000000000e+00 1.220000028610229492e+00 1.049999952316284180e+00 4.099999964237213135e-01 0.000000000000000000e+00
4.530000090599060059e-01 5.030000209808349609e-01 -2.529999911785125732e-01 4.699999988079071045e-01 0.000000000000000000e+00 1.129999995231628418e+00 8.700000047683715820e-01 0.000000000000000000e+00 2.199999988079071045e-01 2.000000029802322388e-01 2.049999952316284180e+00 6.899999976158142090e-01 1.199999973177909851e-01 0.000000000000000000e+00 9.100000262260437012e-01 0.000000000000000000e+00 1.090000033378601074e+00 9.800000190734863281e-01 7.900000214576721191e-01 0.000000000000000000e+00
4.779999852180480957e-01 4.990000128746032715e-01 -2.750000059604644775e-01 6.200000047683715820e-01 0.000000000000000000e+00 1.340000033378601074e+00 7.599999904632568359e-01 0.000000000000000000e+00 1.599999964237213135e-01 1.500000059604644775e-01 1.740000009536743164e+00 4.799999892711639404e-01 2.399999946355819702e-01 0.000000000000000000e+00 8.700000047683715820e-01 0.000000000000000000e+00 9.599999785423278809e-01 7.300000190734863281e-01 1.080000042915344238e+00 0.000000000000000000e+00
4.850000143051147461e-01 4.990000128746032715e-01 -2.779999971389770508e-01 9.499999880790710449e-01 1.199999973177909851e-01 1.429999947547912598e+00 6.100000143051147461e-01 0.000000000000000000e+00 0.000000000000000000e+00 5.000000074505805969e-02 1.330000042915344238e+00 2.300000041723251343e-01 3.300000131130218506e-01 1.500000059604644775e-01 1.019999980926513672e+00 0.000000000000000000e+00 1.169999957084655762e+00 2.800000011920928955e-01 1.159999966621398926e+00 0.000000000000000000e+00
4.539999961853027344e-01 5.030000209808349609e-01 -2.630000114440917969e-01 1.210000038146972656e+00 3.300000131130218506e-01 1.460000038146972656e+00 5.899999737739562988e-01 0.000000000000000000e+00 2.999999932944774628e-02 3.999999910593032837e-02 9.700000286102294922e-01 5.999999865889549255e-02 3.199999928474426270e-01 2.399999946355819702e-01 1.190000057220458984e+00 0.000000000000000000e+00 1.509999990463256836e+00 0.000000000000000000e+00 7.599999904632568359e-01 0.000000000000000000e+00
4.250000119209289551e-01 4.939999878406524658e-01 -2.479999959468841553e-01 1.299999952316284180e+00 4.000000059604644775e-01 1.379999995231628418e+00 4.300000071525573730e-01 0.000000000000000000e+00 2.999999932944774628e-02 3.999999910593032837e-02 8.700000047683715820e-01 3.999999910593032837e-02 3.199999928474426270e-01 4.099999964237213135e-01 1.409999966621398926e+00 0.000000000000000000e+00 1.879999995231628418e+00 0.000000000000000000e+00 4.199999868869781494e-01 0.000000000000000000e+00
4.110000133514404297e-01 4.860000014305114746e-01 -2.370000034570693970e-01 1.259999990463256836e+00 4.699999988079071045e-01 1.350000023841857910e+00 2.500000000000000000e-01 0.000000000000000000e+00 2.999999932944774628e-02 0.000000000000000000e+00 7.799999713897705078e-01 5.000000074505805969e-02 3.700000047683715820e-01 3.100000023841857910e-01 1.519999980926513672e+00 0.000000000000000000e+00 1.980000019073486328e+00 0.000000000000000000e+00 2.000000029802322388e-01 0.000000000000000000e+00
4.020000100135803223e-01 4.779999852180480957e-01 -2.319999933242797852e-01 1.210000038146972656e+00 4.000000059604644775e-01 1.309999942779541016e+00 2.599999904632568359e-01 0.000000000000000000e+00 0.000000000000000000e+00 0.000000000000000000e+00 7.699999809265136719e-01 7.999999821186065674e-02 4.799999892711639404e-01 2.800000011920928955e-01 1.429999947547912598e+00 0.000000000000000000e+00 2.029999971389770508e+00 0.000000000000000000e+00 1.400000005960464478e-01 0.000000000000000000e+00
3.970000147819519043e-01 4.699999988079071045e-01 -2.280000001192092896e-01 1.100000023841857910e+00 3.400000035762786865e-01 1.370000004768371582e+00 3.300000131130218506e-01 0.000000000000000000e+00 1.299999952316284180e-01 0.000000000000000000e+00 7.799999713897705078e-01 7.000000029802322388e-02 5.299999713897705078e-01 1.800000071525573730e-01 1.379999995231628418e+00 0.000000000000000000e+00 1.990000009536743164e+00 0.000000000000000000e+00 3.999999910593032837e-02 0.000000000000000000e+00
3.980000019073486328e-01 4.709999859333038330e-01 -2.249999940395355225e-01 1.039999961853027344e+00 3.100000023841857910e-01 1.470000028610229492e+00 2.599999904632568359e-01 0.000000000000000000e+00 1.299999952316284180e-01 0.000000000000000000e+00 6.999999880790710449e-01 5.999999865889549255e-02 5.000000000000000000e-01 1.199999973177909851e-01 1.240000009536743164e+00 0.000000000000000000e+00 1.779999971389770508e+00 0.000000000000000000e+00 2.199999988079071045e-01 0.000000000000000000e+00
4.000000059604644775e-01 4.749999940395355225e-01 -2.220000028610229492e-01 9.900000095367431641e-01 3.700000047683715820e-01 1.590000033378601074e+00 1.700000017881393433e-01 0.000000000000000000e+00 1.299999952316284180e-01 0.000000000000000000e+00 7.699999809265136719e-01 3.999999910593032837e-02 4.799999892711639404e-01 5.999999865889549255e-02 1.289999961853027344e+00 0.000000000000000000e+00 1.440000057220458984e+00 0.000000000000000000e+00 4.399999976158142090e-01 0.000000000000000000e+00
4.149999916553497314e-01 4.799999892711639404e-01 -2.189999967813491821e-01 9.599999785423278809e-01 3.499999940395355225e-01 1.820000052452087402e+00 3.999999910593032837e-02 0.000000000000000000e+00 0.000000000000000000e+00 0.000000000000000000e+00 8.600000143051147461e-01 3.999999910593032837e-02 3.199999928474426270e-01 0.000000000000000000e+00 1.320000052452087402e+00 0.000000000000000000e+00 9.300000071525573730e-01 3.499999940395355225e-01 7.300000190734863281e-01 0.000000000000000000e+00
4.339999854564666748e-01 5.040000081062316895e-01 -2.249999940395355225e-01 8.299999833106994629e-01 1.899999976158142090e-01 2.019999980926513672e+00 5.999999865889549255e-02 0.000000000000000000e+00 0.000000000000000000e+00 9.999999776482582092e-03 1.039999961853027344e+00 3.999999910593032837e-02 2.500000000000000000e-01 0.000000000000000000e+00 1.320000052452087402e+00 0.000000000000000000e+00 5.699999928474426270e-01 8.299999833106994629e-01 8.999999761581420898e-01 0.000000000000000000e+00
4.370000064373016357e-01 5.109999775886535645e-01 -2.269999980926513672e-01 7.500000000000000000e-01 0.000000000000000000e+00 2.200000047683715820e+00 5.999999865889549255e-02 0.000000000000000000e+00 0.000000000000000000e+00 1.999999955296516418e-02 1.029999971389770508e+00 1.999999955296516418e-02 1.099999994039535522e-01 0.000000000000000000e+00 1.169999957084655762e+00 0.000000000000000000e+00 3.199999928474426270e-01 1.269999980926513672e+00 1.049999952316284180e+00 0.000000000000000000e+00
4.239999949932098389e-01 5.130000114440917969e-01 -2.210000008344650269e-01 7.400000095367431641e-01 0.000000000000000000e+00 2.210000038146972656e+00 3.999999910593032837e-02 0.000000000000000000e+00 0.000000000000000000e+00 1.999999955296516418e-02 9.900000095367431641e-01 0.000000000000000000e+00 1.400000005960464478e-01 0.000000000000000000e+00 1.120000004768371582e+00 0.000000000000000000e+00 2.700000107288360596e-01 1.409999966621398926e+00 1.190000057220458984e+00 0.000000000000000000e+00
4.230000078678131104e-01 5.180000066757202148e-01 -2.189999967813491821e-01 7.699999809265136719e-01 0.000000000000000000e+00 2.250000000000000000e+00 9.999999776482582092e-03 0.000000000000000000e+00 0.000000000000000000e+00 9.999999776482582092e-03 7.599999904632568359e-01 0.000000000000000000e+00 9.000000357627868652e-02 0.000000000000000000e+00 1.240000009536743164e+00 0.000000000000000000e+00 2.500000000000000000e-01 1.179999947547912598e+00 1.179999947547912598e+00 0.000000000000000000e+00
4.289999902248382568e-01 5.159999728202819824e-01 -2.210000008344650269e-01 8.500000238418579102e-01 0.000000000000000000e+00 2.259999990463256836e+00 0.000000000000000000e+00 0.000000000000000000e+00 0.000000000000000000e+00 0.000000000000000000e+00 4.600000083446502686e-01 0.000000000000000000e+00 2.999999932944774628e-02 0.000000000000000000e+00 1.490000009536743164e+00 0.000000000000000000e+00 3.100000023841857910e-01 8.999999761581420898e-01 1.389999985694885254e+00 0.000000000000000000e+00
4.169999957084655762e-01 5.180000066757202148e-01 -2.160000056028366089e-01 8.799999952316284180e-01 0.000000000000000000e+00 2.299999952316284180e+00 7.000000029802322388e-02 0.000000000000000000e+00 9.999999776482582092e-03 0.000000000000000000e+00 1.500000059604644775e-01 0.000000000000000000e+00 9.999999776482582092e-03 0.000000000000000000e+00 1.590000033378601074e+00 9.000000357627868652e-02 5.199999809265136719e-01 4.099999964237213135e-01 1.549999952316284180e+00 0.000000000000000000e+00
4.040000140666961670e-01 5.139999985694885254e-01 -2.080000042915344238e-01 9.800000190734863281e-01 1.899999976158142090e-01 2.160000085830688477e+00 1.000000014901161194e-01 0.000000000000000000e+00 9.999999776482582092e-03 0.000000000000000000e+00 7.999999821186065674e-02 0.000000000000000000e+00 9.999999776482582092e-03 0.000000000000000000e+00 1.559999942779541016e+00 1.800000071525573730e-01 6.600000262260437012e-01 1.700000017881393433e-01 1.509999990463256836e+00 0.000000000000000000e+00
